listing_id,high,medium,low
7142618,0.053749518,0.451099895,0.495150587
7210040,0.364150346,0.369700075,0.266149579
7174566,0.155100809,0.202842097,0.642057094
7191391,0.4111759,0.339528402,0.249295697
7171695,0.00686722,0.076924111,0.916208669
7225206,0.004956091,0.126100256,0.868943652
7200075,0.001066667,0.011150072,0.987783261
7145074,0.269624283,0.411198306,0.319177411
7193645,0.052047778,0.182581584,0.765370638
7147703,0.018176449,0.066613706,0.915209845
7182218,0.14264432,0.181958301,0.675397379
7132136,0.002884214,0.054355811,0.942759975
7130670,0.054210012,0.159023459,0.786766529
7151855,0.018681587,0.150581155,0.830737258
7158358,0.014781414,0.249472724,0.735745862
7221001,0.040948435,0.069806334,0.889245231
7100305,0.392346774,0.364383488,0.243269738
7096581,0.075460551,0.572681774,0.351857675
7177904,0.027702567,0.429248448,0.543048985
7122823,0.12403439,0.48170099,0.39426462
7183502,0.002854167,0.13368284,0.863462993
7170627,0.109932177,0.395961336,0.494106487
7154826,0.205118663,0.402743802,0.392137535
7155276,0,0.124660113,0.875339887
7126641,0.099306781,0.364946451,0.535746768
7096119,0.211762884,0.269674129,0.518562987
7197172,0.010380272,0.16829947,0.821320257
7189973,0.098893673,0.234212286,0.666894041
7123008,0.245306254,0.12351683,0.631176916
7146900,0.049800579,0.402360829,0.547838592
7109717,0.02525278,0.56601124,0.408735979
7129938,0.04154065,0.059328288,0.899131062
7107178,0,0.012523173,0.987476827
7176321,0.039974679,0.24515854,0.714866781
7128745,0.026020974,0.395245247,0.578733779
7142399,0.055458832,0.737037962,0.207503206
7173397,0.024775804,0.118165317,0.857058879
7097445,0.302143563,0.354929315,0.342927122
7176649,0.025131611,0.115168178,0.859700212
7217973,0.027934152,0.216998819,0.755067028
7181413,0.020971362,0.133921305,0.845107333
7131045,0.007142446,0.103100808,0.889756746
7227600,0.050866135,0.28313383,0.666000036
7152410,0.021618678,0.239889884,0.738491438
7164630,0.033805094,0.213357317,0.752837589
7233385,0.023219163,0.224268272,0.752512565
7132168,0.044261844,0.215672215,0.74006594
7177475,0,0.014444444,0.985555556
7195866,0,0.07553446,0.92446554
7128348,0.043323095,0.03782738,0.918849525
7127663,0.048073774,0.112136684,0.839789542
7224803,0.015952354,0.009166668,0.974880978
7175018,0.096107734,0.52600912,0.377883146
7172595,0.120199778,0.291499917,0.588300305
7109912,0.043511627,0.594049092,0.362439281
7138297,0.145692647,0.30188545,0.552421903
7092476,0.038499384,0.153911919,0.807588697
7089303,0.00230667,0.094052228,0.903641102
7125155,0.03023656,0.457790595,0.511972845
7220062,0.045056564,0.17554898,0.779394456
7106449,0.110755775,0.477550404,0.41169382
7128225,0.064523824,0.403144908,0.532331268
7195250,0.000229092,0.068441357,0.931329551
7218672,0.012379657,0.503397009,0.484223334
7196783,0.038281351,0.432679513,0.529039136
7103890,0.054266806,0.295623198,0.650109995
7091781,0.042084509,0.259810094,0.698105397
7188560,0,0.07797843,0.92202157
7158435,0.216946674,0.306567248,0.476486078
7174040,0.050748701,0.071586551,0.877664748
7090560,0.211762884,0.269674129,0.518562987
7176342,0.001,0.197008972,0.801991028
7192962,0.005238474,0.052304228,0.942457298
7097397,0.017757772,0.223369251,0.758872977
7145866,0.028081574,0.12503975,0.846878676
7206754,0,0.018175888,0.981824112
7138175,0.117243264,0.341603546,0.54115319
7149594,0,0.029962661,0.970037339
7156633,0.00268565,0.223223822,0.774090528
7105345,0.026961637,0.410190013,0.56284835
7213632,0.188090955,0.457231337,0.354677708
7183113,0.011991342,0.113530933,0.874477726
7140000,0.360788686,0.45887638,0.180334934
7195613,0.013875446,0.123576792,0.862547762
7105115,0.071824873,0.466984912,0.461190214
7160348,0.009354368,0.022406417,0.968239215
7160614,0.019021557,0.045628491,0.935349952
7092337,0.006988982,0.145961171,0.847049847
7147336,0.004474633,0.095045253,0.900480114
7218407,0.025592531,0.12569028,0.848717189
7153777,0.60245973,0.198967065,0.198573204
7105692,0.170170383,0.373821793,0.456007823
7182783,0.007091283,0.176267957,0.816640759
7175581,0,0.075789414,0.924210586
7178664,0.227769285,0.390453015,0.3817777
7211063,0.277651986,0.199580374,0.52276764
7224728,0.020957063,0.08342926,0.895613677
7102627,0.020743639,0.244815402,0.734440959
7092248,0.238679079,0.449566656,0.311754265
7207732,0.048621141,0.493702784,0.457676074
7103067,0.008339799,0.132379499,0.859280702
7229817,0.094970728,0.213733897,0.691295375
7172753,0.067689856,0.319371616,0.612938528
7125988,0.001291667,0.003349272,0.995359061
7091708,0,0.018793998,0.981206002
7120982,0.401627217,0.464906735,0.133466048
7200404,0.038656062,0.496061205,0.465282732
7134396,0.013726262,0.091964986,0.894308752
7094055,0.394714294,0.380548487,0.224737219
7220352,0.109032098,0.177515308,0.713452594
7097260,0.004258455,0.043163561,0.952577984
7132074,0.016518102,0.120968833,0.862513064
7195758,9.05E-05,0.018680849,0.981228675
7218227,0.004756054,0.143257353,0.851986594
7191025,0.012856215,0.278874247,0.708269538
7152268,0.425494402,0.454988847,0.119516751
7210298,0.035904191,0.15092403,0.813171779
7096221,0.000663002,0.228154126,0.771182872
7137429,0.00423976,0.065450755,0.930309485
7141582,0.45569404,0.272231078,0.272074883
7125014,0.22133593,0.216882794,0.561781276
7204283,0.065121207,0.3162543,0.618624493
7129195,8.80E-05,0.067199257,0.932712766
7208151,7.48E-05,0.209838388,0.790086845
7169433,0.112020188,0.352140962,0.53583885
7194385,0.019352446,0.127549392,0.853098162
7184378,0.028156852,0.195024326,0.776818822
7112430,0.149152793,0.276731446,0.574115761
7224419,0.0151708,0.146733602,0.838095598
7176557,0,0.049900782,0.950099218
7185501,0.151529315,0.522287499,0.326183187
7205296,0.133164132,0.31186362,0.554972248
7143873,0.002661136,0.025114934,0.97222393
7227106,0.050881816,0.438129584,0.5109886
7143808,0.206721345,0.561090576,0.232188079
7123007,0.489894483,0.302460926,0.207644591
7120025,0.387536325,0.178525454,0.433938221
7095934,0.040087252,0.339576419,0.620336329
7102526,0.084702574,0.469892104,0.445405322
7149561,0.011759477,0.08463329,0.903607233
7147321,0.154983197,0.280428264,0.564588539
7163675,0.013475758,0.005795455,0.980728788
7203197,0.002278458,0.05196763,0.945753912
7192159,0.044040657,0.087251937,0.868707406
7124635,0.002384804,0.021608696,0.9760065
7138513,0.017380459,0.056911526,0.925708016
7116744,0.099368492,0.335579487,0.565052022
7228168,0.041350119,0.140329929,0.818319952
7156739,0.020626481,0.237301873,0.742071646
7233157,0.185156426,0.523939293,0.290904281
7091879,0.014508485,0.153056078,0.832435437
7145151,0.101519747,0.323205029,0.575275224
7230883,0,0.019543651,0.980456349
7188256,0.122452233,0.494780678,0.382767089
7203095,0.002857143,0.014588235,0.982554622
7142105,0.183660391,0.318267756,0.498071853
7210546,0.001741431,0.128228854,0.870029714
7134026,0.124690801,0.586584135,0.288725065
7119521,0.006959225,0.275966883,0.717073893
7225812,0.043142062,0.456436593,0.500421346
7231536,0.019709493,0.07965757,0.900632936
7120399,0.05598927,0.182994113,0.761016617
7209940,0.120394576,0.258651364,0.620954061
7125730,0.014849323,0.397620972,0.587529705
7129665,0,0.013521595,0.986478405
7156628,0.05328681,0.255820719,0.690892471
7154533,0,0.009767857,0.990232143
7194011,0.07202338,0.056104812,0.871871808
7159573,0.194282192,0.386982379,0.418735429
7122632,0.003367996,0.035990129,0.960641875
7199902,0.019187092,0.106282194,0.874530713
7204514,0.039924645,0.118737778,0.841337578
7114559,0.013172747,0.055580097,0.931247156
7172574,0.030371988,0.13202874,0.837599272
7190848,5.59E-05,0.165261277,0.834682857
7127320,0.212784421,0.654269031,0.132946548
7099989,0.02051486,0.132654604,0.846830536
7193209,0.262133362,0.302310944,0.435555694
7163387,0.624977409,0.233238144,0.141784447
7192322,0.071729738,0.283435731,0.644834531
7181284,0.00196961,0.274826169,0.723204221
7138658,0.007797339,0.120540387,0.871662274
7094836,0.03381505,0.206937694,0.759247256
7228347,0.002863339,0.047520813,0.949615848
7092957,0.040859697,0.410466554,0.548673749
7095106,0.00328926,0.059332765,0.937377975
7118353,0,0.037887962,0.962112038
7187196,0,0.043567928,0.956432072
7171952,0.211638407,0.550912993,0.2374486
7109967,0.065619,0.152880913,0.781500087
7121401,0.144056176,0.512798187,0.343145637
7117926,0.187982222,0.626380247,0.185637531
7149587,0.00038646,0.095513479,0.904100061
7153700,0,0.057131917,0.942868083
7128436,0.060334405,0.373114078,0.566551517
7156683,0.003700551,0.116168439,0.880131009
7183547,0,0.002019271,0.997980729
7130682,0.061758966,0.343063847,0.595177187
7191787,0.085365808,0.224547723,0.690086469
7201129,0,0.012468254,0.987531746
7131018,0.029778662,0.099967432,0.870253906
7191519,0.051189423,0.285167777,0.6636428
7129888,0.000821118,0.064967644,0.934211238
7119314,0.284260239,0.24541819,0.470321572
7173398,0.046631861,0.230654139,0.722714
7100690,0.474309396,0.277221238,0.248469366
7111231,0.14928363,0.239084286,0.611632085
7173783,0.007175223,0.088585927,0.90423885
7185543,0.009422051,0.303679126,0.686898823
7190190,0.02068621,0.24065721,0.738656581
7157963,0.121201369,0.333584281,0.54521435
7158304,0.284260239,0.24541819,0.470321572
7095639,0.041487708,0.370112264,0.588400028
7130993,0.000480206,0.005249403,0.994270392
7117359,0.014633021,0.25072421,0.734642769
7122494,0,0.005992904,0.994007096
7093292,0.095032725,0.619649216,0.285318059
7214909,0.022045204,0.172138349,0.805816447
7178939,0.057497887,0.08261761,0.859884503
7209358,0.002,0,0.998
7232607,8.80E-05,0.049967553,0.94994447
7207044,0.000946335,0.020739328,0.978314337
7223765,0.0312669,0.189461041,0.779272059
7103387,0.066978663,0.211665194,0.721356143
7149774,0.00628028,0.027917919,0.965801801
7105211,0.007983068,0.036358821,0.955658111
7183544,0.014185189,0.09845708,0.887357731
7233547,0.024363908,0.152421233,0.823214859
7096046,0,0.059652584,0.940347416
7174305,0.129477036,0.357609787,0.512913176
7172833,0.045370601,0.296505724,0.658123675
7109230,0.001200614,0.063816201,0.934983186
7180549,0.092636465,0.433349236,0.474014299
7096591,0.009047184,0.248404504,0.742548312
7110015,7.48E-05,0.087072926,0.912852308
7114048,0.068161788,0.401014934,0.530823279
7111037,0.201494196,0.480956815,0.317548988
7218940,0,0.083283722,0.916716278
7151360,0.841002813,0.057944881,0.101052307
7127611,0.04522843,0.208544486,0.746227084
7157286,0.0185245,0.180426321,0.801049179
7155237,0.040160984,0.297349584,0.662489431
7152325,0.839044194,0.076660086,0.08429572
7133809,0.475089431,0.155993765,0.368916804
7151723,0.011898649,0.113104617,0.874996734
7139628,0.057637661,0.214072721,0.728289617
7116008,0,0.003670979,0.996329021
7139222,0.03482277,0.227023114,0.738154116
7118151,0.049676088,0.108395415,0.841928497
7211749,0.048055856,0.104166326,0.847777818
7216084,0.005593684,0.017089432,0.977316884
7167944,0.152186686,0.345428614,0.502384701
7204462,0.303596879,0.456108938,0.240294183
7170651,0.016167804,0.286760737,0.697071459
7166110,0.035535573,0.250793489,0.713670937
7215024,0.009128351,0.10757934,0.883292309
7092587,0.16716018,0.437309444,0.395530376
7228780,0.04687873,0.265264527,0.687856742
7113165,0.048932633,0.274246789,0.676820578
7185875,0.175197339,0.627952307,0.196850354
7207091,0.058177807,0.201236085,0.740586109
7154391,0.0185245,0.180426321,0.801049179
7134369,0.145857785,0.262726056,0.591416159
7114144,0.000217607,0.018891674,0.980890719
7225788,0,0.001111111,0.998888889
7174343,0.311317269,0.30545942,0.383223311
7184376,0.110833292,0.361309293,0.527857414
7099086,0.008727931,0.071073877,0.920198192
7206516,0.017470079,0.110727183,0.871802738
7109865,6.07E-05,0.123031953,0.876907305
7221603,0.012695145,0.176193961,0.811110893
7102769,0.028296479,0.117746495,0.853957026
7136804,0.048539515,0.16756522,0.783895266
7133432,0.110700463,0.661523788,0.227775749
7211670,0.054807183,0.353475357,0.59171746
7193044,0.164317981,0.437382559,0.39829946
7179722,0,0.006900028,0.993099972
7098040,0.086804514,0.327716348,0.585479138
7228235,0.029188112,0.359828023,0.610983865
7168531,0.016094057,0.078610119,0.905295824
7092471,0.003051981,0.138819621,0.858128398
7151021,0.013612429,0.123302284,0.863085287
7117279,0.048720963,0.140483606,0.810795431
7231987,0.109424613,0.271634649,0.618940738
7152057,0.078055019,0.395645164,0.526299817
7169603,0.006694252,0.126518853,0.866786895
7190178,0.021191548,0.096888442,0.88192001
7098492,0.054496822,0.54091463,0.404588548
7151657,0.051294319,0.217836218,0.730869463
7202087,0.29745809,0.487010563,0.215531346
7172144,0.086034634,0.337865543,0.576099822
7151264,0.674124761,0.213756898,0.112118341
7167649,0.123839574,0.264788172,0.611372254
7125098,0.047114131,0.21502767,0.737858199
7192968,0.139049766,0.399159231,0.461791003
7167064,0.041015436,0.203930799,0.755053765
7208386,0.045038517,0.084399109,0.870562374
7140549,0.356511785,0.327001426,0.316486789
7232611,0.104011203,0.223673995,0.672314802
7231989,7.48E-05,0.111482297,0.888442936
7131237,0.043920245,0.453095364,0.502984391
7123477,0.006710749,0.304372762,0.688916489
7139138,0.217941929,0.277905763,0.504152308
7100724,0.000322581,0.025402894,0.974274526
7114596,0.010222959,0.087253023,0.902524019
7143360,7.69E-05,0.023870151,0.976052926
7131232,0.103277438,0.396440891,0.50028167
7135694,0.024437998,0.171406095,0.804155907
7156849,0.03305221,0.344607877,0.622339913
7134868,0.079178464,0.522434106,0.39838743
7204699,0.217989605,0.278583283,0.503427112
7159026,0.019725804,0.261475489,0.718798707
7210613,0.068883781,0.104945535,0.826170684
7178322,0.086981416,0.149005725,0.764012859
7092546,0.023409473,0.22481131,0.751779216
7175776,0.003542068,0.105197683,0.891260249
7198568,0.068743501,0.330781408,0.600475091
7205032,0,0.015907121,0.984092879
7191829,0.027746905,0.148611103,0.823641991
7090354,0,0.000833333,0.999166667
7103754,0.105763896,0.367437928,0.526798176
7210833,0.137928639,0.29820435,0.563867012
7119486,0.045822969,0.324778329,0.629398702
7313611,0.021573902,0.166281882,0.812144216
7192079,0.058077054,0.236310695,0.705612251
7174050,0.003838203,0.095105268,0.901056529
7158408,0.013827381,0.067471812,0.918700807
7162815,0.332743896,0.382754862,0.284501242
7128366,0.46362147,0.14384949,0.39252904
7233175,0.033253262,0.517217208,0.44952953
7095885,0.005422673,0.183620422,0.810956905
7098256,0.002180946,0.133987416,0.863831637
7198026,0.074608337,0.257817127,0.667574537
7179395,0.008977273,0.110784167,0.88023856
7126687,0.005952381,0.075921509,0.91812611
7186570,0.001799636,0.144479617,0.853720747
7174616,0.06486758,0.415179269,0.519953151
7190918,0.039226301,0.202755508,0.758018191
7174630,0.000285036,0.242094519,0.757620445
7099714,0.097881233,0.203662592,0.698456175
7210257,0.007511905,0.100608991,0.891879104
7218237,0.013142095,0.102006205,0.884851699
7194008,0.050376946,0.165484021,0.784139033
7145715,7.48E-05,0.01550754,0.984417694
7161245,0.026243107,0.094244161,0.879512732
7232193,0.100023057,0.230006285,0.669970658
7157880,0.183235753,0.474167736,0.342596511
7234325,8.79E-05,0.099353954,0.90055813
7105040,0.066594754,0.512478958,0.420926288
7123444,0.052281761,0.192214145,0.755504094
7098616,0.00085589,0.139372204,0.859771905
7111962,0.018111851,0.129626963,0.852261186
7206817,0.008511279,0.099992189,0.891496532
7140556,0.088145182,0.386137326,0.525717493
7214145,0.001660823,0.085476841,0.912862336
7215333,0.016463135,0.222532541,0.761004324
7130379,0.011939539,0.275514361,0.7125461
7215033,0.004385454,0.045448497,0.95016605
7200611,0.005843177,0.050740412,0.94341641
7159658,0.092185736,0.28582622,0.621988044
7109857,0,0.065607337,0.934392663
7187765,0.010013822,0.115962729,0.874023449
7197884,0.018666147,0.216565478,0.764768376
7141108,0.244221414,0.326166079,0.429612507
7221313,0.030539311,0.401450878,0.568009811
7160195,0.000727788,0.012198911,0.987073301
7135503,0.000755941,0.050812424,0.948431635
7184754,0.050426784,0.334488363,0.615084853
7181796,0.017271344,0.325843831,0.656884825
7204408,0.065488769,0.423138633,0.511372598
7125047,0.001666667,0.028049833,0.9702835
7170001,0.123228031,0.538719799,0.33805217
7222789,0.045454109,0.21726498,0.737280911
7119555,0.04500378,0.446995184,0.508001036
7103893,0.002008636,0.071395528,0.926595835
7231878,0.013883248,0.198959642,0.787157111
7194073,0.06022621,0.317666278,0.622107513
7156654,0.012462656,0.155383323,0.832154021
7181249,0.000555556,0.022159098,0.977285347
7155816,0.00864312,0.044826365,0.946530514
7140001,0.093357555,0.058660934,0.847981512
7167234,0.115635151,0.315448854,0.568915995
7102496,0.005441334,0.017898811,0.976659855
7232981,0.274556725,0.481497858,0.243945417
7216485,0.002451247,0.079107524,0.918441229
7224065,0.013304601,0.160683913,0.826011486
7172720,0,0.000143885,0.999856115
7119328,0.14928363,0.239084286,0.611632085
7166323,0.093176635,0.221116743,0.685706622
7095312,0.084426708,0.354246342,0.56132695
7126464,0.029887428,0.60368307,0.366429502
7156313,0.030450781,0.17835929,0.791189929
7142691,0.046693004,0.466948277,0.486358719
7180405,0.002693312,0.115969362,0.881337326
7201309,0.01195112,0.056064355,0.931984526
7229233,0.009591538,0.235395564,0.755012898
7128242,0.043431463,0.27376062,0.682807917
7206764,7.69E-05,0.126708912,0.873214165
7125953,0.215185687,0.348301288,0.436513025
7193756,0.043072905,0.2653155,0.691611595
7110807,0.405191967,0.463016824,0.131791209
7123025,0.001725231,0.132410455,0.865864314
7229043,0.085357195,0.166228345,0.74841446
7144529,0.125087795,0.458697983,0.416214222
7089925,0.015040402,0.104308234,0.880651364
7142909,0.003106139,0.034681572,0.96221229
7200320,0.031563162,0.41484412,0.553592718
7216427,0.079229583,0.479721155,0.441049262
7192680,0.027804456,0.125335139,0.846860405
7130341,0.050802071,0.239075399,0.71012253
7214209,0.066081311,0.16480091,0.769117778
7207776,0.18429966,0.475218707,0.340481633
7185816,0.041141535,0.249483183,0.709375282
7172271,0.000666667,0.087322298,0.912011036
7165343,0.002291667,0.134402317,0.863306016
7212934,0.025554213,0.154173925,0.820271863
7152751,0.082665225,0.525281843,0.392052931
7089177,0.06120655,0.370905351,0.5678881
7135107,0.038884456,0.217425744,0.7436898
7092850,0.016231756,0.223745043,0.760023202
7158555,0.217538476,0.373701936,0.408759589
7234183,0,0.012474122,0.987525878
7118286,0.05598927,0.182994113,0.761016617
7119152,0.019352446,0.127549392,0.853098162
7223584,0.395793325,0.207102737,0.397103938
7123957,0.043323095,0.03782738,0.918849525
7223702,0.000100061,0.006683079,0.99321686
7108026,0.003666667,0.083424256,0.912909077
7165605,0.68396899,0.143227596,0.172803414
7227039,0.047792792,0.688294924,0.263912284
7157195,0.065049501,0.211051119,0.72389938
7104579,0.018796652,0.174484628,0.806718721
7119805,0.075041129,0.370353007,0.554605863
7142014,0.354946998,0.299167729,0.345885273
7174412,0.005161866,0.477195581,0.517642553
7205037,0.008592961,0.240588807,0.750818232
7096604,0.003052632,0.172544238,0.82440313
7214758,0.048331498,0.096699799,0.854968703
7135785,0.011785434,0.099927919,0.888286647
7210042,0.000666667,0.043000284,0.95633305
7150868,0.285813233,0.278363746,0.435823021
7115004,0.035515377,0.17349948,0.790985143
7208850,0,0.048465092,0.951534908
7122006,0.287561184,0.323881823,0.388556993
7218334,0.009833273,0.148158704,0.842008024
7164673,0.217711323,0.398658782,0.383629895
7098334,0.030050877,0.157057926,0.812891197
7116799,0.020588144,0.23796291,0.741448946
7158050,0.039078751,0.306641822,0.654279427
7113260,0.10956026,0.574270074,0.316169666
7169293,0.133742759,0.187292507,0.678964734
7219356,0.38696245,0.441671489,0.171366061
7103883,0.002753461,0.141808212,0.855438327
7162849,0.010886364,0.131691322,0.857422314
7220960,0.130086406,0.178725465,0.69118813
7218150,0.004218587,0.194897874,0.800883539
7169062,0.008097194,0.203997718,0.787905088
7132833,0.135783118,0.388554987,0.475661895
7153312,0.105077302,0.428571699,0.466350999
7102582,0.009625268,0.071906625,0.918468107
7128031,0.399255742,0.340114744,0.260629514
7226979,0,0.019654572,0.980345428
7174830,0.014171283,0.060667311,0.925161406
7095500,0.403984236,0.350828785,0.245186979
7203788,0.035418942,0.132766443,0.831814615
7195129,0.081514541,0.265511717,0.652973742
7096676,0.002607792,0.081255276,0.916136932
7139189,0.000328107,0.010675016,0.988996877
7156036,0.204146573,0.501308436,0.294544991
7201766,0.446306142,0.191860878,0.361832981
7127461,0.189317037,0.312832706,0.497850258
7176092,0.198223754,0.270571453,0.531204794
7093983,0.05964101,0.290446941,0.649912049
7219250,0.036295102,0.095441968,0.86826293
7216197,0.278588266,0.590016338,0.131395396
7175523,0.094234417,0.221351817,0.684413766
7096041,0.001497326,0.02893282,0.969569854
7106333,0.025185152,0.132316308,0.84249854
7135564,0.08196894,0.13294116,0.7850899
7230191,0.012634689,0.220421039,0.766944272
7094318,0.382366358,0.421512154,0.196121488
7157145,0.007234058,0.247361392,0.74540455
7141347,0.006277778,0.061520687,0.932201535
7197253,0.300300316,0.38815337,0.311546314
7151861,0.000179104,0.046087398,0.953733498
7128268,0.096684081,0.468849295,0.434466624
7180937,0.022452368,0.20930864,0.768238992
7097170,0.005941558,0.023634555,0.970423886
7205053,0.019355022,0.142035655,0.838609323
7223074,0.073034123,0.447122935,0.479842942
7127700,0.002539169,0.129144331,0.8683165
7184877,0.001821862,0.071200366,0.926977772
7156129,0.036730306,0.097187469,0.866082225
7233730,0,0.029230371,0.970769629
7153783,0.22011585,0.116430363,0.663453786
7113299,0.004943652,0.038317127,0.956739221
7098374,0.023404849,0.216672142,0.759923009
7225647,0,0.013103984,0.986896016
7111117,0.009696472,0.053431494,0.936872034
7138147,0.00025,0.097140496,0.902609504
7120784,0.07103913,0.339889775,0.589071095
7186670,0.072001206,0.402495395,0.525503399
7145739,0,0.017074193,0.982925807
7090058,0.043741802,0.373864514,0.582393684
7110436,0.018769739,0.40749849,0.57373177
7232756,8.79E-05,0.087547392,0.912364692
7111709,0.044636671,0.333299997,0.622063332
7107311,0.074096084,0.069084463,0.856819453
7210450,0.147004083,0.673268316,0.179727601
7127661,0.019499907,0.083880464,0.896619629
7096383,0.209993566,0.45493849,0.335067944
7137831,0.012903268,0.101444947,0.885651785
7160032,0.051075859,0.395026582,0.553897558
7128113,0.038867721,0.154216616,0.806915663
7197701,0.03656278,0.157657994,0.805779226
7140888,0,0.07730576,0.92269424
7098130,0.147394589,0.406928069,0.445677342
7158260,0.031929414,0.144111495,0.823959091
7112812,0.152801305,0.341775289,0.505423406
7179231,0.228631045,0.345713735,0.42565522
7123293,0.22223282,0.555041045,0.222726136
7127939,0.043300477,0.400986054,0.555713469
7210843,0.017290727,0.00047619,0.982233082
7119906,0.000379912,0.040393901,0.959226187
7157868,0.002610051,0.135539772,0.861850177
7160993,0.151308261,0.208803862,0.639887876
7198449,0.048801797,0.409213747,0.541984456
7194749,0.124109245,0.25279976,0.623090995
7164909,0.039897709,0.210196326,0.749905964
7155991,0.130696281,0.223558308,0.645745411
7219535,0.001111111,0.022312271,0.976576618
7127883,0.001878307,0.087259976,0.910861717
7192641,0.159121562,0.431208922,0.409669516
7222187,0.106664947,0.32825027,0.565084784
7129565,0.027913774,0.183630188,0.788456038
7143475,0.075407748,0.67694037,0.247651882
7121904,0.221054306,0.378036123,0.400909571
7124968,0.026164497,0.198600879,0.775234624
7103194,0.047181984,0.246002716,0.7068153
7197397,0.005174499,0.075870003,0.918955498
7181741,0.046293791,0.323953635,0.629752574
7139959,0.048844277,0.208726695,0.742429028
7179519,0.471015188,0.322589933,0.206394879
7187941,0.0087285,0.112694645,0.878576854
7142188,0.593573476,0.192330658,0.214095866
7224310,0.026664452,0.138487153,0.834848396
7142856,0.030575464,0.357713066,0.61171147
7090831,0.00537418,0.345110866,0.649514955
7152437,7.48E-05,0.002041571,0.997883663
7130584,0.082931312,0.293198653,0.623870034
7162590,0.005036247,0.058449094,0.936514658
7210173,0.000404853,0.20658616,0.793008987
7173461,0.278411443,0.442697048,0.27889151
7201402,0.086212932,0.332333996,0.581453072
7156675,0.189040053,0.652902853,0.158057094
7105849,0.153903473,0.366678861,0.479417666
7190940,0.024260684,0.189710541,0.786028775
7176492,0.052718121,0.304130096,0.643151783
7109146,0.00966923,0.18888216,0.80144861
7135096,0.037518762,0.290509627,0.671971611
7145341,0.006131446,0.105554039,0.888314516
7170053,0.405191967,0.463016824,0.131791209
7222037,0.19930348,0.350625798,0.450070722
7200576,0.23013133,0.236282226,0.533586444
7219311,0.239913585,0.379636719,0.380449696
7088683,0.006464491,0.085913938,0.907621572
7197130,0.095332485,0.444630428,0.460037087
7198553,0.001153846,0.130186584,0.86865957
7092108,0.340617162,0.220142891,0.439239947
7233635,0.313948714,0.469321636,0.21672965
7162208,0.02098645,0.269233056,0.709780494
7113584,0.261216877,0.302663611,0.436119512
7088920,0.230380751,0.268360897,0.501258352
7212619,0.055693803,0.188932664,0.755373532
7108297,0.0035,0.06233486,0.93416514
7212382,0.025987941,0.209284787,0.764727272
7228960,0.003871745,0.110498758,0.885629497
7223136,8.79E-05,0.048213964,0.95169812
7140835,0.037998126,0.209071094,0.75293078
7161726,0.233610979,0.401130508,0.365258513
7193196,0.000189499,0.137399876,0.862410624
7131021,0,0.197759834,0.802240166
7136116,0,0.001111111,0.998888889
7199243,0.012994239,0.225020138,0.761985623
7107410,0.041707992,0.28299289,0.675299118
7111408,0.090444374,0.539299391,0.370256235
7143442,0.033272233,0.233067073,0.733660695
7201307,0,0.040079593,0.959920407
7163518,0.282622292,0.246853349,0.470524359
7210133,0.016592312,0.222376598,0.76103109
7155655,0.028122597,0.188417455,0.783459948
7140488,0.026823717,0.227961244,0.745215039
7133293,0.011551278,0.045018436,0.943430286
7126808,0.002714286,0.03836952,0.958916194
7227507,0.010481177,0.096371557,0.893147265
7159592,0.000450398,0.066046857,0.933502746
7180725,0.040437748,0.077721749,0.881840504
7150854,0.022710221,0.109295747,0.867994031
7137335,0.106733549,0.06357857,0.829687881
7158425,0.006166667,0.026625874,0.967207459
7213225,0.07202338,0.056104812,0.871871808
7148260,0,0.038637212,0.961362788
7111858,0.077567741,0.356549039,0.56588322
7171126,0.009918599,0.065330038,0.924751363
7189468,8.80E-05,0.035251813,0.964660211
7192340,0.031816143,0.110790731,0.857393125
7164476,0.160148595,0.388415267,0.451436138
7510953,0.004042991,0.213114185,0.782842824
7233576,0.042942189,0.43642511,0.5206327
7181820,0.006472711,0.112275116,0.881252173
7152810,0.006725087,0.022141955,0.971132958
7201962,0.000100061,0.011844887,0.988055052
7139487,0.162566513,0.541087354,0.296346133
7227862,0.157435772,0.365735749,0.476828479
7207553,0.018077189,0.089632746,0.892290066
7161665,0.000583561,0.042784446,0.956631993
7145839,0.00537418,0.345110866,0.649514955
7111740,0.006800597,0.075848316,0.917351087
7218313,0.009146103,0.261433501,0.729420396
7210476,0.070753169,0.281539354,0.647707476
7215652,0.000261485,0.018672038,0.981066477
7139122,0.011474259,0.199780462,0.788745279
7105843,0.092305814,0.454943479,0.452750707
7202962,0.042420581,0.353507293,0.604072126
7125601,0.008028123,0.020118955,0.971852922
7177976,0.076315636,0.294691703,0.628992661
7160458,0.021827413,0.08576979,0.892402797
7101930,0.062143583,0.491405947,0.44645047
7162776,0.031215148,0.279998439,0.688786413
7201534,0.192557783,0.556663568,0.250778649
7134791,0.150525717,0.371368242,0.478106041
7187911,0.042308352,0.035780036,0.921911613
7179474,0.240970164,0.338513653,0.420516183
7211709,0.236049316,0.489736593,0.274214091
7091376,0.019137371,0.300735554,0.680127076
7220819,0.205024358,0.222474287,0.572501355
7097222,0.079066109,0.211221848,0.709712044
7214485,0.000450398,0.073643438,0.925906165
7191186,0.127887657,0.210923975,0.661188368
7113981,0.041583142,0.113159314,0.845257545
7100790,0.000114943,0.086975623,0.912909435
7147743,0,0.06931193,0.93068807
7092755,0.2473084,0.4503056,0.302386
7113999,0.046688509,0.204867805,0.748443686
7119360,0.04554,0.10243988,0.85202012
7088049,0.001742424,0.06278236,0.935475216
7144447,0.174017499,0.71697786,0.109004641
7123686,0,0.005277778,0.994722222
7178148,0.019145726,0.181129651,0.799724623
7100482,0.019494551,0.432936094,0.547569355
7131572,0.259312767,0.334964386,0.405722847
7181965,0.167669953,0.256013613,0.576316434
7110028,0.071491169,0.416343074,0.512165758
7107440,0.013024991,0.655345773,0.331629236
7124764,0.013142095,0.102006205,0.884851699
7152838,0,0.043769853,0.956230147
7146250,0.226010974,0.565394833,0.208594193
7198218,0.032588826,0.243141381,0.724269793
7136542,0.126165544,0.547526148,0.326308308
7204694,0.002474439,0.136794465,0.860731095
7230370,0,0.056510593,0.943489407
7207615,0.031929414,0.144111495,0.823959091
7170804,0.04946967,0.213972699,0.736557631
7100338,0.016616135,0.331214779,0.652169086
7102612,0.07251108,0.127567284,0.799921636
7136327,0.094644613,0.235019248,0.670336139
7226629,0.009560582,0.252337747,0.738101672
7154141,0.031741189,0.148026615,0.820232196
7119278,0.021303967,0.086421821,0.892274211
7172516,0.007890596,0.222161944,0.76994746
7173854,0.048703285,0.104686739,0.846609976
7113913,0.003147997,0.067248804,0.9296032
7214948,0.000432933,0.044329893,0.955237174
7167244,0.066619734,0.371610786,0.56176948
7212552,0.031517699,0.267356616,0.701125685
7169247,0.014751082,0.205470698,0.77977822
7164608,0.20354904,0.096895372,0.699555588
7104037,0,0.036363192,0.963636808
7161305,0.063700621,0.262487066,0.673812313
7233719,0.088478682,0.192710512,0.718810806
7197388,0.061607089,0.136326892,0.802066019
7109575,0.592301054,0.213899611,0.193799336
7204398,0.013510837,0.234613002,0.751876161
7218631,0.096807733,0.21151954,0.691672726
7130018,0.131500309,0.185076316,0.683423375
7123544,0.014174407,0.266344718,0.719480874
7159778,0,0.004289683,0.995710317
7212037,0.047991488,0.07820248,0.873806032
7141155,0.000179104,0.013267093,0.986553802
7131753,0.002380427,0.098015558,0.899604015
7172478,0.096189938,0.076903144,0.826906918
7119936,0.008832604,0.153499629,0.837667767
7178319,0.002153061,0.00177345,0.996073488
7210976,0.012216928,0.121326564,0.866456508
7088694,0.060889753,0.90066905,0.038441197
7126674,0.001111111,0.007641117,0.991247772
7225095,0.028658033,0.597216694,0.374125273
7177379,0.048833714,0.354471322,0.596694964
7167344,0.002955595,0.032186634,0.964857771
7092487,0.258420546,0.475022678,0.266556775
7207338,0.019017649,0.172624386,0.808357965
7200580,0.215717199,0.180593822,0.603688979
7101757,0,0.010830212,0.989169788
7106534,0.180467427,0.344932201,0.474600371
7140877,0.024275419,0.276761776,0.698962805
7088400,0.004070785,0.094832942,0.901096273
7208826,0.185927493,0.442555025,0.371517482
7124298,0.199954206,0.40249888,0.397546914
7197164,0.062568186,0.250362084,0.687069729
7188447,0.007057592,0.213054145,0.779888263
7193170,0.07691886,0.170985061,0.752096079
7232150,0.395693155,0.374984101,0.229322743
7206931,0.015040402,0.104308234,0.880651364
7163701,0.075377714,0.48835203,0.436270256
7230747,0.001856867,0.196621424,0.801521709
7123636,0.000370453,0.008924528,0.990705019
7100167,0.281603892,0.631626678,0.086769429
7095483,0.015886457,0.018226331,0.965887212
7212292,0.028863669,0.156996299,0.814140032
7161423,0.100703708,0.592581823,0.306714469
7094323,0.036967097,0.246058664,0.716974239
7134126,0.076346869,0.118337224,0.805315907
7135730,0,0.002987765,0.997012235
7114056,0.665195188,0.139971403,0.194833408
7162122,0.012540117,0.040188518,0.947271365
7226116,0.014382533,0.172687564,0.812929903
7225528,0.002547175,0.006761718,0.990691107
7198381,0.015171483,0.066383861,0.918444656
7165862,0.005837381,0.109428056,0.884734563
7226721,0.048055856,0.104166326,0.847777818
7119665,0.012093811,0.116704198,0.871201991
7092959,0.124867814,0.504017302,0.371114884
7233370,0.020889242,0.192176578,0.78693418
7198643,0.281981079,0.498064387,0.219954534
7151311,0.024336358,0.200295353,0.775368289
7228932,0.067570667,0.586275188,0.346154145
7133618,0.104040895,0.300777082,0.595182023
7155042,0,0.008928571,0.991071429
7202228,0.060936413,0.400394874,0.538668712
7138573,0,0.003467811,0.996532189
7108430,0.010200648,0.147417201,0.842382151
7231314,0.011382631,0.052291789,0.936325581
7124228,0.105377318,0.518214263,0.376408419
7174511,0.054895364,0.136530832,0.808573804
7185449,0,0.026936701,0.973063299
7213650,0.006492644,0.084722169,0.908785187
7133941,0.027838267,0.113127061,0.859034672
7187366,0.000135135,0.018721536,0.981143329
7224166,0.111034094,0.230409283,0.658556623
7169973,0.014442809,0.153602532,0.831954659
7210489,0.075576605,0.446211726,0.478211669
7161088,0.311317269,0.30545942,0.383223311
7153934,0.015341437,0.48659796,0.498060603
7131257,0.002380427,0.098015558,0.899604015
7194859,0.038402273,0.402839112,0.558758615
7113061,0.184098058,0.449197889,0.366704052
7204259,0,0.018522897,0.981477103
7222883,0.028268654,0.135886824,0.835844522
7102127,0.091489955,0.279987156,0.628522889
7101779,0.005906192,0.022881746,0.971212062
7204401,0.052626732,0.125971826,0.821401441
7102696,5.59E-05,0.063779791,0.936164343
7167132,0.002958865,0.100415075,0.89662606
7153925,0.231614426,0.469108959,0.299276615
7109556,0.031821269,0.144132004,0.824046727
7140782,0.029376687,0.178968801,0.791654512
7150633,0.084024743,0.246216246,0.669759011
7130332,0.14928363,0.239084286,0.611632085
7090117,0.058131657,0.110377612,0.831490731
7159969,0.018095859,0.111950163,0.869953978
7159980,0.002036696,0.049846378,0.948116926
7094322,0.244823387,0.489737878,0.265438735
7169785,0.177185261,0.474476619,0.34833812
7137077,0.007971074,0.098586117,0.893442809
7166021,0,0.023707241,0.976292759
7090007,0.015691833,0.138542796,0.845765371
7174035,0.050748701,0.071586551,0.877664748
7222684,0.025450829,0.167938987,0.806610184
7145358,0.007244155,0.306525992,0.686229853
7198874,0.063416939,0.397964865,0.538618196
7227001,0.04752766,0.278621063,0.673851277
7213525,0.062308517,0.164178886,0.773512597
7222801,9.05E-05,0.018680849,0.981228675
7223947,0.125011631,0.382011175,0.492977193
7217717,0.137726575,0.09538259,0.766890834
7131037,0.000229092,0.011624856,0.988146052
7212360,0.592914065,0.15821501,0.248870925
7116094,0.187242768,0.302633535,0.510123697
7117057,0.016270885,0.093747354,0.889981762
7110218,0.189428506,0.459912394,0.3506591
7224295,0.055228488,0.408603448,0.536168064
7156844,0.105156855,0.580296778,0.314546367
7132335,0.147873134,0.636370752,0.215756114
7177151,0.350205363,0.409146367,0.24064827
7145144,0.051219309,0.228543979,0.720236712
7088527,0.000245462,0.029987127,0.96976741
7591938,0.052762168,0.179897389,0.767340443
7164189,0.010808446,0.067849744,0.92134181
7181386,0.064716195,0.332472055,0.60281175
7154896,0.060977355,0.089120485,0.84990216
7171775,0.002111111,0.033040311,0.964848578
7223791,0.006577455,0.138715456,0.854707089
7114825,0,0.002142857,0.997857143
7186411,0.033320458,0.368291732,0.59838781
7178692,0.023063555,0.145663229,0.831273216
7092405,0.173680799,0.534383842,0.291935359
7154186,0.000245462,0.023487079,0.976267458
7089860,0.042000233,0.229857532,0.728142235
7093311,0.00830969,0.100736306,0.890954003
7095391,0.048954536,0.172279126,0.778766338
7117897,0.019564758,0.265126301,0.715308941
7109138,0.010399444,0.099549275,0.890051282
7099040,0.016014048,0.19163207,0.792353882
7093041,0.0025,0.014746032,0.982753968
7094767,0.019782173,0.122562571,0.857655256
7111403,0.045360885,0.423538107,0.531101008
7136662,0.013172575,0.056575473,0.930251952
7172760,0.017099317,0.175172227,0.807728456
7093925,0.124492177,0.287521013,0.58798681
7151085,0.009188345,0.218180947,0.772630708
7229152,0.013779162,0.066603262,0.919617576
7177630,0.041437001,0.410037281,0.548525718
7112601,0.022893074,0.30843424,0.668672686
7091858,0.127257566,0.432759235,0.439983199
7145790,0.183223352,0.332653417,0.484123231
7121469,0.250386419,0.292827242,0.456786339
7131218,0.003017482,0.024936992,0.972045526
7089818,0.026510241,0.189332546,0.784157214
7218493,0.173679107,0.395295421,0.431025472
7102516,0.042284507,0.162289836,0.795425657
7128832,0.008080944,0.073336871,0.918582185
7141416,0.008126561,0.05713288,0.934740558
7119172,0.026828841,0.185391379,0.78777978
7104404,0.09387118,0.384466036,0.521662784
7155370,0.011334051,0.238900263,0.749765686
7099106,0.025607233,0.303247226,0.671145541
7207897,0.000175831,0.044822903,0.955001266
7181407,0.181527746,0.384103889,0.434368365
7230033,0.219032233,0.198827783,0.582139983
7089127,0.172710632,0.481269176,0.346020192
7209677,0.000332817,0.108227056,0.891440127
7140941,0.054677921,0.604615595,0.340706483
7104655,0.009838397,0.049564879,0.940596724
7229311,0.344579076,0.265701011,0.389719913
7150462,0.028941252,0.287530115,0.683528633
7193420,0.174526258,0.364876433,0.460597309
7224661,0.049463949,0.284416095,0.666119956
7105052,0.064708497,0.227955236,0.707336268
7211261,0.273209596,0.34014639,0.386644013
7209769,0.129241197,0.418635776,0.452123026
7167803,0.000285036,0.142866665,0.856848299
7095923,0.031677716,0.263301949,0.705020335
7187442,0.087900965,0.124548964,0.787550072
7108785,0.007406967,0.06310149,0.929491543
7179725,0.05890153,0.150080481,0.791017988
7210753,0.037408748,0.336645399,0.625945853
7211593,0.089410036,0.323174055,0.58741591
7186078,0.02761098,0.110204961,0.862184059
7090925,0.227238058,0.495603555,0.277158387
7134002,0.163310148,0.257226082,0.579463771
7164549,0.009052041,0.309485471,0.681462488
7215742,0.005297385,0.073172446,0.921530169
7108240,0.014175598,0.136177323,0.849647079
7197086,0.250011152,0.67590795,0.074080899
7205678,0.001916667,0.000810811,0.997272523
7122785,0,0.011723868,0.988276132
7114064,0.000462953,0.072374114,0.927162933
7224343,0.017664231,0.081533618,0.900802151
7194178,0.015800251,0.415999086,0.568200663
7095589,0.044397031,0.175714868,0.779888101
7197800,0.013759112,0.076615005,0.909625883
7088799,0.020033076,0.097521031,0.882445893
7194121,0.016452605,0.258020392,0.725527003
7196590,0.202150725,0.332131236,0.465718039
7223833,0.24229565,0.544278111,0.213426239
7110915,0.010306146,0.516401233,0.47329262
7224056,0.040437748,0.077721749,0.881840504
7197047,0.137683038,0.469948597,0.392368365
7090158,0.061462014,0.744476544,0.194061443
7123473,0.124978729,0.34633003,0.528691241
7193586,0.068001106,0.072973327,0.859025568
7196693,0,0.000833333,0.999166667
7199564,0.002,0.136506765,0.861493235
7093574,0.000946335,0.05777108,0.941282585
7092343,0.025081052,0.296299807,0.678619141
7217049,0.162191673,0.348563961,0.489244366
7111219,0.102457368,0.336240703,0.561301929
7133704,0.106436984,0.461513311,0.432049705
7182001,0.001196631,0.023904036,0.974899333
7180442,0.131474461,0.185220066,0.683305473
7111017,0.035699304,0.284394561,0.679906135
7220878,0.081628506,0.313622882,0.604748612
7095205,0.21287408,0.319422763,0.467703157
7216517,0,0.003734127,0.996265873
7159288,0.197355965,0.424970451,0.377673584
7119246,0.309566035,0.393622929,0.296811037
7158215,0.03679354,0.139135218,0.824071242
7136730,0.005441334,0.017898811,0.976659855
7107671,0,0.000522555,0.999477445
7134021,0.07561439,0.405974551,0.518411059
7232515,0.170783714,0.586587422,0.242628864
7147946,0.001182818,0.07212043,0.926696752
7190857,0.065047473,0.232828979,0.702123549
7178889,0.061780159,0.238089045,0.700130795
7170422,0.003103282,0.040092149,0.956804569
7091904,0,0.000833333,0.999166667
7217352,0.042866204,0.180907432,0.776226364
7197908,0.274961897,0.373555508,0.351482595
7142717,0,0.018897547,0.981102453
7183537,0.084653853,0.212403866,0.702942281
