listing_id,high,medium,low
7142618,0.04184575,0.262567129,0.695587121
7210040,0.264231538,0.406641133,0.329127329
7174566,0.118683099,0.273464022,0.607852878
7191391,0.284372646,0.401948555,0.313678799
7171695,0.021428103,0.141504466,0.837067432
7225206,0.014819762,0.12435551,0.860824728
7200075,0.008556188,0.048266944,0.943176868
7145074,0.102170836,0.30938052,0.588448644
7193645,0.087048488,0.316094996,0.596856516
7147703,0.016210895,0.12229096,0.861498145
7182218,0.055656406,0.21980393,0.724539663
7132136,0.005495026,0.070667757,0.923837217
7130670,0.056073508,0.198317478,0.745609014
7151855,0.03500454,0.183236231,0.781759229
7158358,0.024935192,0.179216101,0.795848707
7221001,0.023461163,0.12175657,0.854782267
7100305,0.345524469,0.327894231,0.3265813
7096581,0.064573036,0.367510597,0.567916367
7177904,0.044436763,0.355768581,0.599794656
7122823,0.254353213,0.355893826,0.389752962
7183502,0.01247096,0.135354069,0.852174971
7170627,0.09183629,0.407031033,0.501132677
7154826,0.246046872,0.335012652,0.418940476
7155276,0.004413225,0.060881777,0.934704998
7126641,0.053664162,0.236289089,0.710046749
7096119,0.137447835,0.338640713,0.523911452
7197172,0.051361761,0.211464811,0.737173427
7189973,0.05496629,0.191390164,0.753643546
7123008,0.216214988,0.318218642,0.46556637
7146900,0.059101779,0.271424158,0.669474063
7109717,0.032713723,0.360652527,0.606633749
7129938,0.047826122,0.178823082,0.773350796
7107178,0.00351267,0.0450472,0.95144013
7176321,0.032474477,0.218914628,0.748610895
7128745,0.100036464,0.269752427,0.630211109
7142399,0.109069436,0.486623448,0.404307116
7173397,0.024849769,0.153874686,0.821275545
7097445,0.216752832,0.41940702,0.363840147
7176649,0.020198201,0.151132904,0.828668895
7217973,0.044840312,0.24458015,0.710579539
7181413,0.029253158,0.171237208,0.799509634
7131045,0.03471527,0.23386782,0.73141691
7227600,0.10285492,0.333228321,0.563916759
7152410,0.02423167,0.159745417,0.816022914
7164630,0.079486679,0.277843468,0.642669854
7233385,0.060044456,0.25114053,0.688815015
7132168,0.057419213,0.266388427,0.67619236
7177475,0.003125049,0.03071369,0.966161262
7195866,0.00408184,0.062368548,0.933549612
7128348,0.015169535,0.085030801,0.899799665
7127663,0.052740503,0.215098755,0.732160742
7224803,0.021469463,0.094928064,0.883602472
7175018,0.140263698,0.457430046,0.402306256
7172595,0.065762523,0.270732386,0.663505091
7109912,0.05626618,0.353454694,0.590279126
7138297,0.196955295,0.332932114,0.470112591
7092476,0.041373628,0.197615362,0.76101101
7089303,0.026402731,0.127151344,0.846445925
7125155,0.070560245,0.429946495,0.499493259
7220062,0.023009323,0.195438042,0.781552635
7106449,0.13950622,0.434641482,0.425852299
7128225,0.075989758,0.299950511,0.624059731
7195250,0.005209013,0.06824885,0.926542136
7218672,0.031715672,0.355865899,0.612418429
7196783,0.045577308,0.355459951,0.59896274
7103890,0.010089729,0.095371697,0.894538574
7091781,0.072762162,0.227623882,0.699613956
7188560,0.003826749,0.056279564,0.939893687
7158435,0.213488064,0.414837866,0.371674069
7174040,0.063644437,0.220946702,0.715408861
7090560,0.137447835,0.338640713,0.523911452
7176342,0.01124972,0.113415832,0.875334448
7192962,0.038629243,0.214658358,0.746712399
7097397,0.035863963,0.239676314,0.724459724
7145866,0.03507596,0.198448605,0.766475434
7206754,0.004551911,0.062392891,0.933055198
7138175,0.066044817,0.263789649,0.670165535
7149594,0.003869672,0.056961612,0.939168716
7156633,0.053575179,0.315269313,0.631155508
7105345,0.066191266,0.37502331,0.558785425
7213632,0.294319726,0.42566675,0.280013524
7183113,0.011637217,0.09981612,0.888546663
7140000,0.297082787,0.414985696,0.287931517
7195613,0.029299485,0.17169034,0.799010175
7105115,0.104337395,0.392662324,0.503000281
7160348,0.003104471,0.03237761,0.96451792
7160614,0.005549731,0.063296785,0.931153483
7092337,0.023653632,0.181627588,0.794718781
7147336,0.017549827,0.148940968,0.833509206
7218407,0.026736354,0.17086514,0.802398507
7153777,0.306398849,0.356988958,0.336612193
7105692,0.111171591,0.331093899,0.55773451
7182783,0.031005104,0.152322992,0.816671904
7175581,0.004135481,0.077048991,0.918815527
7178664,0.201580863,0.367509773,0.430909365
7211063,0.164647234,0.340467523,0.494885242
7224728,0.051240122,0.196726329,0.752033549
7102627,0.049889395,0.270956357,0.679154249
7092248,0.14093006,0.39827931,0.460790631
7207732,0.051223644,0.242464887,0.706311469
7103067,0.01440447,0.111824242,0.873771288
7229817,0.05721012,0.202011499,0.740778381
7172753,0.052543397,0.197718006,0.749738597
7125988,0.002956392,0.029529421,0.967514187
7091708,0.0038266,0.057707004,0.938466396
7120982,0.402876039,0.394150833,0.202973128
7200404,0.059737989,0.271164289,0.669097722
7134396,0.032972338,0.182629459,0.784398203
7094055,0.327195795,0.380857286,0.29194692
7220352,0.067627195,0.216937518,0.715435287
7097260,0.011613982,0.098661614,0.889724404
7132074,0.016857186,0.142873133,0.840269681
7195758,0.003727623,0.061072129,0.935200248
7218227,0.008862112,0.087766258,0.903371631
7191025,0.007480283,0.079496121,0.913023596
7152268,0.458897976,0.382135169,0.158966855
7210298,0.039471986,0.220950152,0.739577863
7096221,0.007759672,0.101920957,0.890319371
7137429,0.022886498,0.112991029,0.864122473
7141582,0.406217893,0.265151999,0.328630108
7125014,0.177517973,0.357020257,0.465461769
7204283,0.078683126,0.277294846,0.644022028
7129195,0.004667661,0.065555372,0.929776967
7208151,0.005259277,0.078894625,0.915846098
7169433,0.165913296,0.371578733,0.462507971
7194385,0.009307966,0.090199115,0.900492919
7184378,0.07869979,0.248258052,0.673042158
7112430,0.104174584,0.346138847,0.549686569
7224419,0.025944818,0.17289179,0.801163392
7176557,0.003646242,0.03734118,0.959012578
7185501,0.109133099,0.391649509,0.499217392
7205296,0.100569002,0.305106571,0.594324427
7143873,0.015021424,0.105688585,0.879289991
7227106,0.085987845,0.312054768,0.601957386
7143808,0.208165669,0.432749234,0.359085098
7123007,0.35365108,0.403195648,0.243153272
7120025,0.137410398,0.310424778,0.552164824
7095934,0.069881696,0.271001972,0.659116332
7102526,0.043261523,0.25025058,0.706487897
7149561,0.028677965,0.19476869,0.776553346
7147321,0.172672761,0.357727607,0.469599632
7163675,0.006973854,0.034503026,0.95852312
7203197,0.015187314,0.118811363,0.866001322
7192159,0.049032624,0.213776511,0.737190865
7124635,0.010384435,0.097594454,0.892021111
7138513,0.048044323,0.207542993,0.744412684
7116744,0.092439988,0.30112009,0.606439922
7228168,0.045632348,0.22465244,0.729715211
7156739,0.076834077,0.274401867,0.648764056
7233157,0.16636955,0.408815143,0.424815308
7091879,0.073629216,0.263234938,0.663135846
7145151,0.053439599,0.240889793,0.705670608
7230883,0.005298585,0.038002028,0.956699386
7188256,0.231250144,0.39776097,0.370988886
7203095,0.003136543,0.031097602,0.965765856
7142105,0.168159578,0.355352607,0.476487815
7210546,0.031652923,0.208272742,0.760074335
7134026,0.134256622,0.45209497,0.413648408
7119521,0.010888936,0.096492913,0.892618151
7225812,0.074065658,0.322537451,0.603396892
7231536,0.028298271,0.170584814,0.801116915
7120399,0.043635008,0.241868207,0.714496785
7209940,0.042810786,0.199723958,0.757465255
7125730,0.02853582,0.292187395,0.679276785
7129665,0.004147411,0.058408446,0.937444142
7156628,0.052412974,0.222202544,0.725384482
7154533,0.005400472,0.037724758,0.95687477
7194011,0.053874416,0.212362643,0.733762942
7159573,0.12624039,0.329353689,0.544405921
7122632,0.01340361,0.079424129,0.907172261
7199902,0.027627173,0.202644416,0.769728411
7204514,0.038166352,0.158553233,0.803280415
7114559,0.032619359,0.150442279,0.816938362
7172574,0.02519621,0.184603626,0.790200164
7190848,0.011317706,0.167722352,0.820959943
7127320,0.186207104,0.508458587,0.305334308
7099989,0.025767204,0.146306544,0.827926253
7193209,0.238996372,0.375508159,0.385495469
7163387,0.449545944,0.332074022,0.218380034
7192322,0.053068396,0.215493958,0.731437646
7181284,0.008825856,0.108076357,0.883097787
7138658,0.019582699,0.11298135,0.867435952
7094836,0.047933012,0.212004978,0.74006201
7228347,0.014701797,0.116055146,0.869243057
7092957,0.100241649,0.391970371,0.50778798
7095106,0.021021432,0.114741343,0.864237225
7118353,0.00300011,0.052220146,0.944779744
7187196,0.003424533,0.060020129,0.936555338
7171952,0.12344192,0.392701989,0.483856091
7109967,0.032610544,0.159953298,0.807436159
7121401,0.238996983,0.393209007,0.367794011
7117926,0.407106337,0.369146114,0.223747549
7149587,0.006342141,0.073488921,0.920168938
7153700,0.004229653,0.046320223,0.949450123
7128436,0.162645295,0.456516551,0.380838154
7156683,0.011556865,0.106876891,0.881566244
7183547,0.00418081,0.058219031,0.937600159
7130682,0.064425457,0.301369801,0.634204742
7191787,0.073883272,0.247512709,0.678604019
7201129,0.005019353,0.068871174,0.926109474
7131018,0.081284047,0.280119158,0.638596795
7191519,0.053443976,0.259840399,0.686715625
7129888,0.019846333,0.164290705,0.815862962
7119314,0.304280798,0.254671606,0.441047596
7173398,0.061955967,0.285323875,0.652720158
7100690,0.372478657,0.317782771,0.309738572
7111231,0.099023103,0.286062265,0.614914632
7173783,0.044166022,0.199290554,0.756543424
7185543,0.01836271,0.146254963,0.835382328
7190190,0.048772102,0.295460835,0.655767064
7157963,0.162517621,0.377247797,0.460234582
7158304,0.304280798,0.254671606,0.441047596
7095639,0.067682816,0.273474326,0.658842858
7130993,0.013911996,0.082173076,0.903914928
7117359,0.026848644,0.187632558,0.785518798
7122494,0.004027967,0.056923803,0.93904823
7093292,0.116253503,0.446173522,0.437572975
7214909,0.066572839,0.284787077,0.648640083
7178939,0.08848378,0.220949372,0.690566848
7209358,0.003162801,0.030801704,0.966035494
7232607,0.004890468,0.065207616,0.929901916
7207044,0.008513306,0.081172276,0.910314418
7223765,0.053936171,0.220263939,0.725799889
7103387,0.031014716,0.22533997,0.743645314
7149774,0.009536412,0.087495825,0.902967763
7105211,0.014108102,0.110921798,0.8749701
7183544,0.017978406,0.130117371,0.851904224
7233547,0.044271976,0.199210151,0.756517873
7096046,0.003894254,0.061937316,0.934168431
7174305,0.071778971,0.279518615,0.648702413
7172833,0.036952598,0.252830784,0.710216617
7109230,0.006507503,0.086166677,0.90732582
7180549,0.121871954,0.345623495,0.532504551
7096591,0.059044931,0.332409258,0.60854581
7110015,0.004854647,0.07070795,0.924437403
7114048,0.045288266,0.238584043,0.716127691
7111037,0.267281409,0.39824005,0.334478541
7218940,0.008670865,0.093667349,0.897661787
7151360,0.666150288,0.16823847,0.165611242
7127611,0.072663057,0.273600584,0.653736359
7157286,0.066524159,0.24854122,0.684934621
7155237,0.039703703,0.303864107,0.65643219
7152325,0.655133649,0.202405321,0.142461029
7133809,0.25509075,0.264978755,0.479930495
7151723,0.026705566,0.158160104,0.81513433
7139628,0.093666899,0.253798019,0.652535082
7116008,0.004271215,0.058661925,0.93706686
7139222,0.046298052,0.206534387,0.747167561
7118151,0.090890946,0.227381174,0.681727881
7211749,0.062472083,0.224141755,0.713386161
7216084,0.004218309,0.05986784,0.935913851
7167944,0.100825256,0.324147568,0.575027176
7204462,0.388567213,0.323066098,0.28836669
7170651,0.018963528,0.170111523,0.810924949
7166110,0.050719185,0.206338656,0.742942159
7215024,0.011984896,0.099765933,0.88824917
7092587,0.079225569,0.295042624,0.625731806
7228780,0.112760004,0.277428384,0.609811612
7113165,0.049816579,0.252539555,0.697643866
7185875,0.221490906,0.48195768,0.296551414
7207091,0.079703193,0.277011774,0.643285033
7154391,0.066524159,0.24854122,0.684934621
7134369,0.133021919,0.354568908,0.512409173
7114144,0.005503356,0.06230662,0.932190024
7225788,0.002956392,0.029432678,0.967610931
7174343,0.320639554,0.402325332,0.277035114
7184376,0.059217556,0.254797345,0.6859851
7099086,0.015446895,0.128149548,0.856403557
7206516,0.020416915,0.134577928,0.845005157
7109865,0.005439401,0.066994108,0.927566491
7221603,0.07338182,0.294232636,0.632385544
7102769,0.037650081,0.197505751,0.764844167
7136804,0.028573928,0.141679987,0.829746085
7133432,0.211903924,0.379404608,0.408691468
7211670,0.118922763,0.348465975,0.532611262
7193044,0.117539749,0.3213585,0.56110175
7179722,0.003668186,0.056940061,0.939391753
7098040,0.093054292,0.425655674,0.481290034
7228235,0.112174241,0.344987271,0.542838488
7168531,0.03386885,0.236006156,0.730124994
7092471,0.010659902,0.113958035,0.875382063
7151021,0.025000358,0.134522478,0.840477164
7117279,0.044945152,0.23951735,0.715537498
7231987,0.082119867,0.303368754,0.614511379
7152057,0.146669317,0.376180846,0.477149837
7169603,0.009326971,0.122003237,0.868669792
7190178,0.050083421,0.197838325,0.752078254
7098492,0.056865302,0.351761198,0.5913735
7151657,0.045250082,0.259407028,0.69534289
7202087,0.279826319,0.415189578,0.304984103
7172144,0.096832222,0.35723102,0.545936759
7151264,0.57840908,0.264751637,0.156839284
7167649,0.098827592,0.356942658,0.544229749
7125098,0.041995217,0.253920765,0.704084018
7192968,0.143353499,0.366567999,0.490078502
7167064,0.106609229,0.262269841,0.63112093
7208386,0.073569049,0.238190123,0.688240829
7140549,0.318688673,0.370633706,0.310677621
7232611,0.093195618,0.268867082,0.6379373
7231989,0.006639951,0.095458048,0.897902001
7131237,0.078810651,0.371087847,0.550101502
7123477,0.049459599,0.219085949,0.731454451
7139138,0.322977286,0.339564123,0.337458591
7100724,0.004144073,0.064243548,0.931612379
7114596,0.014508593,0.114869114,0.870622293
7143360,0.003486579,0.060133918,0.936379503
7131232,0.115701949,0.399974133,0.484323918
7135694,0.044949594,0.18092501,0.774125395
7156849,0.100169355,0.252099003,0.647731643
7134868,0.071500528,0.344665467,0.583834005
7204699,0.261973392,0.322122684,0.415903924
7159026,0.029927935,0.214128034,0.755944031
7210613,0.049532281,0.20233942,0.748128299
7178322,0.040064452,0.233889547,0.726046002
7092546,0.067907393,0.260811662,0.671280946
7175776,0.011630774,0.099279248,0.889089978
7198568,0.114491056,0.250985481,0.634523463
7205032,0.003717267,0.060904262,0.93537847
7191829,0.057227619,0.202937433,0.739834948
7090354,0.003412399,0.036711576,0.959876025
7103754,0.105159866,0.339004134,0.555836
7210833,0.094977471,0.312092877,0.592929652
7119486,0.049534379,0.226524806,0.723940815
7313611,0.017452789,0.148628398,0.833918812
7192079,0.097015075,0.311559341,0.591425584
7174050,0.022664057,0.16620547,0.811130473
7158408,0.016120458,0.113023429,0.870856113
7162815,0.255705923,0.390649749,0.353644329
7128366,0.432522258,0.226366915,0.341110827
7233175,0.048076747,0.314075321,0.637847932
7095885,0.053033822,0.21823525,0.728730928
7098256,0.004786658,0.060934817,0.934278525
7198026,0.098250222,0.285582936,0.616166842
7179395,0.025347188,0.138011866,0.836640946
7126687,0.012966152,0.077355701,0.909678147
7186570,0.009220692,0.093590007,0.897189301
7174616,0.120186621,0.270399812,0.609413566
7190918,0.111703463,0.312084741,0.576211796
7174630,0.003366794,0.057173218,0.939459988
7099714,0.050142435,0.219924327,0.729933238
7210257,0.011243129,0.079988954,0.908767917
7218237,0.046487769,0.201228294,0.752283937
7194008,0.069352506,0.258968209,0.671679285
7145715,0.003798053,0.060807138,0.93539481
7161245,0.033267644,0.193768788,0.772963568
7232193,0.181551064,0.34720246,0.471246476
7157880,0.115793991,0.289397367,0.594808642
7234325,0.004687098,0.061653297,0.933659605
7105040,0.081602145,0.399982955,0.5184149
7123444,0.053802542,0.215109774,0.731087684
7098616,0.009275635,0.092468153,0.898256213
7111962,0.065757404,0.244065486,0.690177109
7206817,0.016751901,0.123899078,0.85934902
7140556,0.078015371,0.419865835,0.502118793
7214145,0.01342003,0.104893278,0.881686692
7215333,0.035053763,0.23547657,0.729469666
7130379,0.021367155,0.155120892,0.823511953
7215033,0.01864964,0.107591532,0.873758828
7200611,0.032636574,0.13154849,0.835814935
7159658,0.125538452,0.318695296,0.555766253
7109857,0.004233924,0.059233785,0.936532291
7187765,0.021374842,0.174420324,0.804204834
7197884,0.047559614,0.237235006,0.71520538
7141108,0.121962148,0.329984069,0.548053783
7221313,0.047447964,0.338353434,0.614198602
7160195,0.00682217,0.071878486,0.921299344
7135503,0.006033446,0.073921436,0.920045118
7184754,0.073501849,0.263983799,0.662514352
7181796,0.039922502,0.306717531,0.653359967
7204408,0.05800383,0.272417678,0.669578492
7125047,0.003863623,0.055743173,0.940393205
7170001,0.071258006,0.362601254,0.56614074
7222789,0.066921955,0.2544213,0.678656746
7119555,0.089211209,0.270601477,0.640187314
7103893,0.013127041,0.110483319,0.87638964
7231878,0.022388697,0.174868503,0.8027428
7194073,0.055553749,0.288897926,0.655548325
7156654,0.054318851,0.216000539,0.72968061
7181249,0.012248847,0.099701049,0.888050104
7155816,0.047487121,0.19612589,0.756386989
7140001,0.009113648,0.08211766,0.908768692
7167234,0.152156387,0.349404559,0.498439054
7102496,0.018955522,0.104294364,0.876750114
7232981,0.296632747,0.409891948,0.293475305
7216485,0.015674982,0.154937337,0.829387681
7224065,0.014799735,0.118861043,0.866339222
7172720,0.003992705,0.05457216,0.941435135
7119328,0.099023103,0.286062265,0.614914632
7166323,0.141117981,0.328281978,0.53060004
7095312,0.06980678,0.259288752,0.670904468
7126464,0.086592759,0.350613686,0.562793555
7156313,0.032463074,0.177199049,0.790337877
7142691,0.125539169,0.410958101,0.46350273
7180405,0.020575342,0.132279666,0.847144992
7201309,0.026182234,0.11699564,0.856822126
7229233,0.01782106,0.154752808,0.827426131
7128242,0.036678177,0.230982276,0.732339547
7206764,0.003200819,0.056978001,0.93982118
7125953,0.15133345,0.311131486,0.537535064
7193756,0.061109076,0.277385447,0.661505477
7110807,0.217535636,0.454055902,0.328408461
7123025,0.018920068,0.181446429,0.799633503
7229043,0.040377172,0.21594833,0.743674498
7144529,0.235891432,0.282012785,0.482095782
7089925,0.008970915,0.131140077,0.859889008
7142909,0.007485892,0.086516974,0.905997133
7200320,0.081094975,0.341786287,0.577118738
7216427,0.078160567,0.395651286,0.526188147
7192680,0.066799947,0.207504386,0.725695667
7130341,0.101550503,0.301780553,0.596668944
7214209,0.090100147,0.275904048,0.633995805
7207776,0.216936291,0.277733898,0.505329811
7185816,0.026528513,0.258441804,0.715029683
7172271,0.003353266,0.05705659,0.939590144
7165343,0.022057172,0.159106478,0.818836351
7212934,0.031275362,0.203271209,0.765453429
7152751,0.136202298,0.374764372,0.489033331
7089177,0.077773094,0.322898901,0.599328004
7135107,0.085376353,0.270567179,0.644056467
7092850,0.024164574,0.219222063,0.756613363
7158555,0.190768056,0.402835172,0.406396772
7234183,0.00337097,0.057216899,0.939412131
7118286,0.043635008,0.241868207,0.714496785
7119152,0.009307966,0.090199115,0.900492919
7223584,0.249665321,0.372054374,0.378280305
7123957,0.015169535,0.085030801,0.899799665
7223702,0.003915831,0.063096179,0.93298799
7108026,0.016828511,0.151886747,0.831284742
7165605,0.5568689,0.242152826,0.200978274
7227039,0.099771986,0.475570989,0.424657025
7157195,0.090614133,0.268550752,0.640835115
7104579,0.053460927,0.202019673,0.7445194
7119805,0.061184434,0.21645819,0.722357376
7142014,0.331309348,0.249609573,0.419081079
7174412,0.031543067,0.24716923,0.721287703
7205037,0.013801924,0.115697183,0.870500892
7096604,0.013595781,0.196533831,0.789870387
7214758,0.100847253,0.262631738,0.636521009
7135785,0.050342308,0.203227863,0.746429829
7210042,0.003345684,0.056711772,0.939942545
7150868,0.203632751,0.39995702,0.396410228
7115004,0.031533593,0.199259782,0.769206625
7208850,0.011627675,0.10237251,0.885999815
7122006,0.281915442,0.392184511,0.325900047
7218334,0.019840781,0.172755603,0.807403617
7164673,0.210519198,0.371890985,0.417589817
7098334,0.082575598,0.273653492,0.643770911
7116799,0.030102645,0.194034076,0.775863279
7158050,0.060007607,0.316553057,0.623439335
7113260,0.1351701,0.444839664,0.419990237
7169293,0.082222786,0.251923658,0.665853555
7219356,0.376706767,0.377612665,0.245680568
7103883,0.019850303,0.115429058,0.864720639
7162849,0.021117963,0.169829504,0.809052533
7220960,0.033854855,0.158328001,0.807817144
7218150,0.021253556,0.175159857,0.803586587
7169062,0.032604096,0.184136109,0.783259794
7132833,0.113803651,0.360438257,0.525758092
7153312,0.12441928,0.410873703,0.464707017
7102582,0.013934553,0.113443045,0.872622402
7128031,0.260033884,0.407403974,0.332562142
7226979,0.003076655,0.052271931,0.944651414
7174830,0.016280109,0.107853289,0.875866601
7095500,0.473559049,0.293117036,0.233323915
7203788,0.070045762,0.217340557,0.712613681
7195129,0.074767962,0.25120321,0.674028828
7096676,0.014111028,0.106597385,0.879291587
7139189,0.005006329,0.065053133,0.929940538
7156036,0.234938885,0.437818241,0.327242874
7201766,0.403056462,0.216120789,0.380822748
7127461,0.103036356,0.321243699,0.575719945
7176092,0.254005254,0.264774092,0.481220655
7093983,0.069389463,0.242934153,0.687676384
7219250,0.074314041,0.261411358,0.664274601
7216197,0.377438181,0.398879881,0.223681938
7175523,0.041759388,0.190277712,0.767962899
7096041,0.003369559,0.059204592,0.937425849
7106333,0.009748741,0.088587858,0.901663402
7135564,0.087987871,0.230237759,0.68177437
7230191,0.045634969,0.212204499,0.742160532
7094318,0.376063215,0.346541586,0.2773952
7157145,0.021578422,0.195689378,0.7827322
7141347,0.004913332,0.058728281,0.936358387
7197253,0.330975266,0.383407395,0.285617339
7151861,0.016508234,0.10380196,0.879689805
7128268,0.083901219,0.335231144,0.580867637
7180937,0.030003195,0.19640289,0.773593914
7097170,0.007206612,0.080546564,0.912246824
7205053,0.06945641,0.233066367,0.697477223
7223074,0.143916588,0.384704387,0.471379026
7127700,0.00799846,0.167754848,0.824246691
7184877,0.005159979,0.061515903,0.933324118
7156129,0.040866595,0.185178287,0.773955119
7233730,0.01265302,0.110201244,0.877145736
7153783,0.313120898,0.2266615,0.460217602
7113299,0.009610712,0.092727513,0.897661775
7098374,0.036472554,0.193142018,0.770385429
7225647,0.003730827,0.050951856,0.945317317
7111117,0.026238458,0.158121667,0.815639875
7138147,0.014014215,0.156019554,0.829966231
7120784,0.084695044,0.288806487,0.626498469
7186670,0.104523229,0.344363096,0.551113676
7145739,0.004276414,0.064923496,0.93080009
7090058,0.043760953,0.300020814,0.656218233
7110436,0.047443131,0.259563948,0.692992921
7232756,0.004254397,0.062244149,0.933501454
7111709,0.081098168,0.347142695,0.571759137
7107311,0.008418528,0.065253309,0.926328163
7210450,0.175867813,0.505063012,0.319069175
7127661,0.058258233,0.205212342,0.736529425
7096383,0.125884694,0.389799003,0.484316303
7137831,0.008995784,0.08449816,0.906506057
7160032,0.103940887,0.4164545,0.479604613
7128113,0.060218631,0.238845828,0.700935542
7197701,0.051439632,0.202429802,0.746130565
7140888,0.013518003,0.149318268,0.837163729
7098130,0.063903056,0.306839648,0.629257296
7158260,0.099276447,0.253136437,0.647587115
7112812,0.130798697,0.293467053,0.57573425
7179231,0.221149109,0.392136624,0.386714267
7123293,0.154461729,0.479240406,0.366297865
7127939,0.051941378,0.294868732,0.65318989
7210843,0.002956392,0.029500987,0.967542621
7119906,0.007862503,0.070777915,0.921359582
7157868,0.010007727,0.092682501,0.897309771
7160993,0.208848376,0.280017111,0.511134512
7198449,0.102404338,0.401854833,0.495740829
7194749,0.114007806,0.296059512,0.589932683
7164909,0.051732387,0.20587675,0.742390863
7155991,0.099358007,0.292024768,0.608617226
7219535,0.012877152,0.117595944,0.869526904
7127883,0.004454528,0.065412545,0.930132927
7192641,0.114399753,0.327972688,0.557627559
7222187,0.168554218,0.385341212,0.44610457
7129565,0.052563036,0.202774018,0.744662946
7143475,0.088604277,0.45288315,0.458512573
7121904,0.201582092,0.332567961,0.465849947
7124968,0.034038793,0.218574621,0.747386586
7103194,0.078150537,0.271055887,0.650793576
7197397,0.014411383,0.115709585,0.869879032
7181741,0.028346596,0.273933701,0.697719703
7139959,0.050463455,0.256055316,0.69348123
7179519,0.486080884,0.2786698,0.235249316
7187941,0.01651666,0.132858509,0.850624831
7142188,0.582728029,0.224603119,0.192668852
7224310,0.028165855,0.236208721,0.735625424
7142856,0.029351739,0.203784808,0.766863452
7090831,0.047119244,0.268804887,0.684075869
7152437,0.002975859,0.053960179,0.943063962
7130584,0.078320999,0.31445084,0.607228161
7162590,0.015607596,0.095826961,0.888565443
7210173,0.008809546,0.155182749,0.836007705
7173461,0.191742218,0.39763111,0.410626672
7201402,0.09182332,0.33500399,0.57317269
7156675,0.231074435,0.446535492,0.322390073
7105849,0.141645327,0.3560595,0.502295172
7190940,0.046639908,0.20201022,0.751349872
7176492,0.095018363,0.305892379,0.599089258
7109146,0.03596855,0.226689426,0.737342024
7135096,0.040458497,0.257442179,0.702099324
7145341,0.021377007,0.172086408,0.806536585
7170053,0.217535636,0.454055902,0.328408461
7222037,0.248185289,0.269096885,0.482717826
7200576,0.240664908,0.324370642,0.43496445
7219311,0.268706094,0.391133288,0.340160618
7088683,0.023018112,0.160759379,0.816222509
7197130,0.147990804,0.393221582,0.458787613
7198553,0.012421012,0.11761521,0.869963778
7092108,0.162209525,0.348032549,0.489757925
7233635,0.161333341,0.457471595,0.381195064
7162208,0.036609541,0.262646537,0.700743922
7113584,0.138899873,0.439014488,0.422085639
7088920,0.254821828,0.305132822,0.44004535
7212619,0.049160162,0.216604689,0.734235149
7108297,0.006362789,0.087959677,0.905677534
7212382,0.023599848,0.231605059,0.744795093
7228960,0.043189275,0.193766789,0.763043935
7223136,0.004239012,0.061767652,0.933993336
7140835,0.055823238,0.231825577,0.712351185
7161726,0.229699402,0.347282688,0.423017909
7193196,0.009244998,0.076370527,0.914384475
7131021,0.003860029,0.062739787,0.933400185
7136116,0.002956392,0.029432678,0.967610931
7199243,0.025173084,0.191179329,0.783647586
7107410,0.065603961,0.270931966,0.663464074
7111408,0.077992226,0.325249234,0.59675854
7143442,0.037586562,0.235550299,0.726863139
7201307,0.005869022,0.040865666,0.953265313
7163518,0.253742441,0.335436981,0.410820578
7210133,0.051678996,0.253422624,0.694898381
7155655,0.037896492,0.192937041,0.769166467
7140488,0.039690364,0.189683871,0.770625765
7133293,0.022085085,0.123678851,0.854236064
7126808,0.02108547,0.150469275,0.828445255
7227507,0.018873737,0.108826644,0.872299619
7159592,0.009215561,0.093840648,0.896943792
7180725,0.053270861,0.198859492,0.747869647
7150854,0.026711184,0.168637195,0.804651621
7137335,0.036497876,0.216486362,0.747015762
7158425,0.008858683,0.043034545,0.948106772
7213225,0.053874416,0.212362643,0.733762942
7148260,0.004548249,0.062929881,0.932521871
7111858,0.084372319,0.314051036,0.601576645
7171126,0.015238808,0.125252122,0.859509069
7189468,0.004072609,0.060038507,0.935888884
7192340,0.055040103,0.204880068,0.740079829
7164476,0.208912206,0.41472913,0.376358664
7510953,0.022165642,0.145873902,0.831960457
7233576,0.049804602,0.263600975,0.686594423
7181820,0.017140096,0.130346902,0.852513002
7152810,0.006782408,0.073755608,0.919461983
7201962,0.003727623,0.061072129,0.935200248
7139487,0.159751534,0.41326123,0.426987236
7227862,0.106171694,0.318971726,0.574856581
7207553,0.029952327,0.214056738,0.755990935
7161665,0.03206811,0.127478153,0.840453737
7145839,0.047119244,0.268804887,0.684075869
7111740,0.014470016,0.111725698,0.873804286
7218313,0.025323768,0.215647278,0.759028955
7210476,0.043777555,0.217129539,0.739092906
7215652,0.008804302,0.087899466,0.903296231
7139122,0.014079951,0.117929835,0.867990214
7105843,0.117973738,0.426220558,0.455805704
7202962,0.079292553,0.276621483,0.644085964
7125601,0.012785683,0.080537571,0.906676746
7177976,0.08629679,0.3285689,0.585134311
7160458,0.016388793,0.12062344,0.862987767
7101930,0.064028975,0.303964195,0.632006829
7162776,0.051974952,0.25272449,0.695300557
7201534,0.112016345,0.522229717,0.365753938
7134791,0.17357753,0.37899536,0.44742711
7187911,0.02614106,0.118135337,0.855723603
7179474,0.251219275,0.390154412,0.358626313
7211709,0.263361536,0.44862742,0.288011044
7091376,0.032753331,0.226936403,0.740310266
7220819,0.072594556,0.271983439,0.655422004
7097222,0.022684607,0.15023644,0.827078953
7214485,0.010333388,0.095050374,0.894616237
7191186,0.075348297,0.241705411,0.682946292
7113981,0.053514647,0.211547272,0.734938081
7100790,0.003941641,0.055858517,0.940199843
7147743,0.003877897,0.060290381,0.935831721
7092755,0.174103191,0.430024489,0.395872319
7113999,0.080612506,0.306655857,0.612731638
7119360,0.088017662,0.265521352,0.646460986
7088049,0.005035711,0.064588632,0.930375657
7144447,0.292305567,0.471701072,0.235993361
7123686,0.0031497,0.031007303,0.965842997
7178148,0.030775291,0.19253945,0.776685259
7100482,0.045128193,0.248863933,0.706007874
7131572,0.330342358,0.298763568,0.370894074
7181965,0.124721626,0.324889138,0.550389236
7110028,0.128119353,0.42579827,0.446082377
7107440,0.08076962,0.44976698,0.4694634
7124764,0.046487769,0.201228294,0.752283937
7152838,0.004144811,0.058012686,0.937842502
7146250,0.123078366,0.433564588,0.443357047
7198218,0.028878452,0.245242456,0.725879092
7136542,0.173171786,0.413738103,0.413090111
7204694,0.018337504,0.11790272,0.863759775
7230370,0.012380619,0.103575584,0.884043797
7207615,0.099276447,0.253136437,0.647587115
7170804,0.064978058,0.257148362,0.67787358
7100338,0.041515895,0.228923751,0.729560354
7102612,0.077082262,0.236718833,0.686198906
7136327,0.143982192,0.247292257,0.608725551
7226629,0.026234285,0.205110805,0.76865491
7154141,0.040115832,0.183430569,0.7764536
7119278,0.020781991,0.15171251,0.827505499
7172516,0.03315942,0.22485512,0.74198546
7173854,0.040314615,0.197729501,0.761955884
7113913,0.006076847,0.071191693,0.922731461
7214948,0.009175515,0.108938012,0.881886473
7167244,0.057601897,0.320625676,0.621772427
7212552,0.036806837,0.233156103,0.730037061
7169247,0.049029769,0.2268471,0.724123131
7164608,0.219851621,0.233566666,0.546581713
7104037,0.0035976,0.059045456,0.937356944
7161305,0.043946452,0.219761535,0.736292013
7233719,0.069981049,0.215911164,0.714107787
7197388,0.065535696,0.308778449,0.625685855
7109575,0.524433317,0.257515028,0.218051655
7204398,0.021899522,0.169409798,0.808690679
7218631,0.109816392,0.245279607,0.644904002
7130018,0.090072804,0.233407421,0.676519776
7123544,0.061839262,0.322028722,0.616132015
7159778,0.003224075,0.030644598,0.966131327
7212037,0.077557579,0.246186297,0.676256124
7141155,0.01638175,0.106678344,0.876939906
7131753,0.01482325,0.121559493,0.863617257
7172478,0.059050073,0.220721902,0.720228026
7119936,0.034614055,0.233847962,0.731537983
7178319,0.005542043,0.060351517,0.93410644
7210976,0.017529791,0.126847811,0.855622398
7088694,0.19408186,0.567403828,0.238514312
7126674,0.007950602,0.061772456,0.930276941
7225095,0.042976964,0.364200367,0.592822669
7177379,0.097177476,0.357483775,0.545338749
7167344,0.006740778,0.075361002,0.91789822
7092487,0.174894797,0.336150891,0.488954312
7207338,0.052470564,0.214704629,0.732824807
7200580,0.10264279,0.376403127,0.520954083
7101757,0.003834388,0.051410523,0.944755089
7106534,0.112722717,0.332843763,0.554433519
7140877,0.048433424,0.251181603,0.700384973
7088400,0.008538463,0.093460583,0.898000954
7208826,0.160626882,0.411831078,0.42754204
7124298,0.165195972,0.393415766,0.441388262
7197164,0.115345688,0.289591296,0.595063016
7188447,0.02006784,0.152486568,0.827445592
7193170,0.047900911,0.232262138,0.719836951
7232150,0.281196587,0.419714691,0.299088722
7206931,0.008970915,0.131140077,0.859889008
7163701,0.107376691,0.351194173,0.541429136
7230747,0.005686039,0.080778265,0.913535697
7123636,0.005820732,0.061238868,0.932940401
7100167,0.319057939,0.473225936,0.207716125
7095483,0.015461212,0.09842575,0.886113037
7212292,0.04214522,0.199926969,0.757927811
7161423,0.154893555,0.415040965,0.43006548
7094323,0.064934724,0.304598814,0.630466462
7134126,0.075161619,0.2899322,0.634906181
7135730,0.003633216,0.056791675,0.939575109
7114056,0.565259299,0.244511934,0.190228768
7162122,0.007804334,0.079485323,0.912710343
7226116,0.011366744,0.098714377,0.889918879
7225528,0.015207084,0.063560948,0.921231968
7198381,0.040914733,0.220043293,0.739041974
7165862,0.017122965,0.144421088,0.838455947
7226721,0.062472083,0.224141755,0.713386161
7119665,0.005601268,0.070682354,0.923716379
7092959,0.118173502,0.362425225,0.519401274
7233370,0.025340327,0.128987636,0.845672037
7198643,0.187280943,0.41903638,0.393682677
7151311,0.049902618,0.214411265,0.735686116
7228932,0.07882646,0.341345612,0.579827928
7133618,0.092941662,0.29384213,0.613216209
7155042,0.003602208,0.037967531,0.958430261
7202228,0.099487366,0.340222578,0.560290056
7138573,0.002514914,0.049367859,0.948117227
7108430,0.020702699,0.143846583,0.835450717
7231314,0.045675137,0.184364203,0.76996066
7124228,0.096033196,0.343926522,0.560040283
7174511,0.049283694,0.196534742,0.754181564
7185449,0.003420369,0.060426888,0.936152743
7213650,0.005308493,0.067309317,0.92738219
7133941,0.033402312,0.170957304,0.795640384
7187366,0.004261468,0.059857049,0.935881483
7224166,0.081587744,0.26391974,0.654492516
7169973,0.016150991,0.125903296,0.857945712
7210489,0.112105023,0.442155323,0.445739654
7161088,0.320639554,0.402325332,0.277035114
7153934,0.023527526,0.292400506,0.684071968
7131257,0.01482325,0.121559493,0.863617257
7194859,0.094385589,0.305178687,0.600435724
7113061,0.140102425,0.414121179,0.445776397
7204259,0.004061596,0.057464931,0.938473474
7222883,0.015470028,0.120898422,0.86363155
7102127,0.0662978,0.250632918,0.683069282
7101779,0.015885471,0.115658175,0.868456354
7204401,0.03676495,0.206753827,0.756481223
7102696,0.004835073,0.074404098,0.920760828
7167132,0.008791284,0.088540776,0.90266794
7153925,0.239225434,0.473506614,0.287267952
7109556,0.035557651,0.226996878,0.737445471
7140782,0.05726376,0.254128424,0.688607816
7150633,0.14984587,0.379051689,0.471102441
7130332,0.099023103,0.286062265,0.614914632
7090117,0.071411539,0.236367141,0.692221321
7159969,0.015892952,0.119607552,0.864499496
7159980,0.005448006,0.071546197,0.923005797
7094322,0.229726573,0.470169826,0.300103601
7169785,0.214297611,0.434913916,0.350788473
7137077,0.016562359,0.124556411,0.858881229
7166021,0.004718311,0.059114685,0.936167004
7090007,0.015236671,0.116666353,0.868096976
7174035,0.063644437,0.220946702,0.715408861
7222684,0.025490854,0.181560478,0.792948668
7145358,0.024219766,0.208039901,0.767740333
7198874,0.076022295,0.320325924,0.603651781
7227001,0.097212512,0.370260379,0.53252711
7213525,0.068821397,0.230032905,0.701145698
7222801,0.003727623,0.061072129,0.935200248
7223947,0.101248047,0.409179467,0.489572486
7217717,0.029890906,0.145246755,0.824862338
7131037,0.004862994,0.065493903,0.929643103
7212360,0.458565682,0.202225674,0.339208644
7116094,0.047164892,0.229908956,0.722926152
7117057,0.059072642,0.222008858,0.718918501
7110218,0.26797098,0.395916541,0.336112479
7224295,0.078487809,0.329712192,0.591799999
7156844,0.131923094,0.398027271,0.470049635
7132335,0.165678589,0.508046889,0.326274523
7177151,0.313308174,0.414594515,0.272097311
7145144,0.037621765,0.221711369,0.740666866
7088527,0.003468834,0.058803812,0.937727354
7591938,0.055719178,0.204577593,0.739703229
7164189,0.015696172,0.118438282,0.865865546
7181386,0.079041069,0.278237935,0.642720996
7154896,0.029831231,0.167712036,0.802456733
7171775,0.010220634,0.095115256,0.89466411
7223791,0.016068375,0.125697643,0.858233981
7114825,0.004004132,0.056344262,0.939651606
7186411,0.044512891,0.267876314,0.687610795
7178692,0.025351381,0.164694732,0.809953887
7092405,0.128759146,0.445080514,0.42616034
7154186,0.003468834,0.058803812,0.937727354
7089860,0.035525036,0.201650267,0.762824697
7093311,0.023310646,0.158044232,0.818645122
7095391,0.074734819,0.266463594,0.658801586
7117897,0.034364811,0.222533511,0.743101679
7109138,0.023730931,0.181499832,0.794769237
7099040,0.03186458,0.197262338,0.770873082
7093041,0.007294879,0.035952418,0.956752702
7094767,0.038514211,0.219364434,0.742121355
7111403,0.089092064,0.402767978,0.508139958
7136662,0.017252666,0.124708021,0.858039313
7172760,0.035170088,0.173964766,0.790865146
7093925,0.14523411,0.372998924,0.481766967
7151085,0.012643016,0.131176898,0.856180086
7229152,0.018053672,0.108368281,0.873578047
7177630,0.060337861,0.309005152,0.630656987
7112601,0.03947244,0.258745718,0.701781842
7091858,0.113624811,0.328084977,0.558290212
7145790,0.200995074,0.358533044,0.440471883
7121469,0.207647627,0.394391128,0.397961245
7131218,0.0061449,0.072529947,0.921325152
7089818,0.077745146,0.241364413,0.680890441
7218493,0.088117645,0.345443128,0.566439227
7102516,0.023882861,0.160245253,0.815871886
7128832,0.007458582,0.072222377,0.920319041
7141416,0.01873417,0.144260402,0.837005429
7119172,0.075039451,0.25423538,0.670725168
7104404,0.087403894,0.300845648,0.611750458
7155370,0.010205408,0.096977082,0.89281751
7099106,0.033187954,0.214251766,0.75256028
7207897,0.006791061,0.072150866,0.921058073
7181407,0.281674557,0.264435489,0.453889954
7230033,0.107058167,0.236755372,0.656186462
7089127,0.160626928,0.440298478,0.399074594
7209677,0.004984243,0.067289101,0.927726656
7140941,0.080742452,0.406804931,0.512452617
7104655,0.05529564,0.204901267,0.739803094
7229311,0.158378803,0.369071555,0.472549642
7150462,0.034028578,0.221460178,0.744511244
7193420,0.138706092,0.433467642,0.427826266
7224661,0.061456966,0.276557952,0.661985082
7105052,0.049570845,0.182898765,0.76753039
7211261,0.241419636,0.376591834,0.38198853
7209769,0.149354626,0.406552205,0.444093169
7167803,0.003271556,0.055508603,0.941219841
7095923,0.085489693,0.280878371,0.633631936
7187442,0.062849516,0.197047824,0.74010266
7108785,0.017754047,0.145073177,0.837172775
7179725,0.03111034,0.213765497,0.755124163
7210753,0.091645708,0.299514524,0.608839768
7211593,0.111568015,0.277701131,0.610730854
7186078,0.024832039,0.133190742,0.841977219
7090925,0.275637288,0.402572771,0.32178994
7134002,0.123805465,0.321387777,0.554806758
7164549,0.055827741,0.327656136,0.616516123
7215742,0.009405373,0.091219237,0.89937539
7108240,0.049265828,0.20192639,0.748807782
7197086,0.23797374,0.552497321,0.20952894
7205678,0.002939625,0.029517873,0.967542501
7122785,0.006768127,0.033497394,0.959734479
7114064,0.005379535,0.071974909,0.922645556
7224343,0.006755146,0.072215849,0.921029005
7194178,0.038289896,0.26058965,0.701120454
7095589,0.074760905,0.22651008,0.698729015
7197800,0.008282035,0.108084204,0.883633761
7088799,0.017524589,0.114817671,0.86765774
7194121,0.045459568,0.245353328,0.709187104
7196590,0.191826,0.341734495,0.466439505
7223833,0.17573301,0.393297648,0.430969342
7110915,0.081986926,0.45798238,0.460030694
7224056,0.053270861,0.198859492,0.747869647
7197047,0.101899437,0.340466175,0.557634388
7090158,0.062647652,0.483066584,0.454285764
7123473,0.162517621,0.377247797,0.460234582
7193586,0.109164153,0.282123787,0.60871206
7196693,0.003228076,0.031596014,0.96517591
7199564,0.010609837,0.12363425,0.865755913
7093574,0.007893766,0.082385777,0.909720458
7092343,0.03443582,0.225920405,0.739643775
7217049,0.051534081,0.241705403,0.706760516
7111219,0.065370636,0.25018276,0.684446604
7133704,0.130980559,0.321648804,0.547370636
7182001,0.01345395,0.083644671,0.902901379
7180442,0.071708049,0.230199628,0.698092324
7111017,0.107817797,0.359278019,0.532904184
7220878,0.086793635,0.396139342,0.517067023
7095205,0.083093799,0.231994021,0.68491218
7216517,0.003224075,0.030644598,0.966131327
7159288,0.145221268,0.443586484,0.411192248
