listing_id,high,medium,low
7142618,0.064192241,0.369517239,0.56629052
7210040,0.346397851,0.394605727,0.258996422
7174566,0.152275229,0.204539785,0.643184986
7191391,0.372075093,0.363188258,0.264736649
7171695,0.006087197,0.073755296,0.920157507
7225206,0.004120849,0.129874748,0.866004403
7200075,0.003658569,0.017545916,0.978795515
7145074,0.226189153,0.398913649,0.374897198
7193645,0.07202591,0.197325448,0.730648642
7147703,0.014469489,0.088622821,0.89690769
7182218,0.111574522,0.18783995,0.700585528
7132136,0.003133517,0.051195602,0.94567088
7130670,0.066257964,0.150239495,0.783502542
7151855,0.028105838,0.200762938,0.771131224
7158358,0.019682815,0.220379087,0.759938098
7221001,0.025078908,0.07133756,0.903583532
7100305,0.394303217,0.346433517,0.259263267
7096581,0.054606348,0.527391437,0.418002216
7177904,0.038818503,0.409117,0.552064497
7122823,0.130363575,0.450129621,0.419506804
7183502,0.005021823,0.166187336,0.82879084
7170627,0.096426864,0.401920653,0.501652483
7154826,0.256591899,0.383615119,0.359792982
7155276,0.000266374,0.085960178,0.913773447
7126641,0.091433424,0.334386201,0.574180375
7096119,0.20454807,0.289054932,0.506396999
7197172,0.024546162,0.155544133,0.819909705
7189973,0.062425101,0.218326959,0.71924794
7123008,0.223122216,0.17444883,0.602428954
7146900,0.058558095,0.376330724,0.565111181
7109717,0.025630054,0.487766283,0.486603663
7129938,0.041874607,0.094787168,0.863338225
7107178,3.88E-05,0.009929508,0.990031732
7176321,0.052651121,0.247617822,0.699731057
7128745,0.053454214,0.338453082,0.608092704
7142399,0.085456177,0.646557482,0.267986342
7173397,0.025340058,0.127622095,0.847037847
7097445,0.27458534,0.392927552,0.332487108
7176649,0.027406882,0.135537045,0.837056073
7217973,0.028622355,0.220468452,0.750909193
7181413,0.02096284,0.144723454,0.834313705
7131045,0.012374591,0.136824148,0.850801261
7227600,0.066904833,0.297131484,0.635963682
7152410,0.028502015,0.233025627,0.738472357
7164630,0.03072018,0.250963739,0.718316082
7233385,0.034910637,0.211928525,0.753160838
7132168,0.050400492,0.238493534,0.711105974
7177475,0.000860317,0.009493418,0.989646265
7195866,0.002972219,0.069319903,0.927707877
7128348,0.034961709,0.041321775,0.923716516
7127663,0.046536589,0.133714782,0.819748629
7224803,0.016726356,0.019457741,0.963815903
7175018,0.088760132,0.484495709,0.426744158
7172595,0.086426865,0.288509117,0.625064018
7109912,0.044445278,0.535324346,0.420230376
7138297,0.195455698,0.281825023,0.522719279
7092476,0.034302996,0.181807069,0.783889935
7089303,0.004456638,0.094968367,0.900574995
7125155,0.044578259,0.482310046,0.473111695
7220062,0.028345536,0.182636715,0.789017749
7106449,0.09821863,0.480505288,0.421276082
7128225,0.077116926,0.36265178,0.560231294
7195250,0.001249845,0.065221645,0.933528509
7218672,0.019210728,0.510524711,0.470264561
7196783,0.047995429,0.401022414,0.550982156
7103890,0.057284212,0.226041264,0.716674524
7091781,0.060534088,0.257839434,0.681626477
7188560,0,0.046961539,0.953038461
7158435,0.21880977,0.317401241,0.463788988
7174040,0.044117833,0.104662285,0.851219881
7090560,0.20454807,0.289054932,0.506396999
7176342,0.005150747,0.176514796,0.818334457
7192962,0.017120597,0.112034729,0.870844674
7097397,0.023076399,0.223646519,0.753277082
7145866,0.020287002,0.13133597,0.848377029
7206754,0.000215973,0.027409731,0.972374296
7138175,0.122490838,0.351395619,0.526113544
7149594,0.002064758,0.035658567,0.962276675
7156633,0.016060396,0.253556695,0.730382909
7105345,0.023710225,0.399204318,0.577085457
7213632,0.219583019,0.447922891,0.33249409
7183113,0.012915866,0.135363562,0.851720572
7140000,0.322526639,0.449614308,0.227859053
7195613,0.015297315,0.155466318,0.829236367
7105115,0.058079377,0.488150753,0.45376987
7160348,0.007231646,0.023003759,0.969764595
7160614,0.018498821,0.046252068,0.935249111
7092337,0.00406844,0.145990096,0.849941463
7147336,0.006408559,0.115382306,0.878209136
7218407,0.022636365,0.122530819,0.854832816
7153777,0.475005672,0.288023248,0.23697108
7105692,0.167523584,0.363243873,0.469232543
7182783,0.021867387,0.212077432,0.766055182
7175581,0.001000696,0.080001515,0.918997789
7178664,0.203788331,0.351916216,0.444295453
7211063,0.234279396,0.24501413,0.520706474
7224728,0.027113536,0.097877797,0.875008667
7102627,0.024589677,0.228131612,0.747278712
7092248,0.243764665,0.401239075,0.35499626
7207732,0.040764269,0.404538156,0.554697575
7103067,0.011069858,0.137894713,0.851035429
7229817,0.084508647,0.182621174,0.732870179
7172753,0.073517098,0.278900592,0.64758231
7125988,0.004799671,0.005514919,0.98968541
7091708,0.000265536,0.025773609,0.973960855
7120982,0.393091733,0.456957983,0.149950284
7200404,0.050054036,0.422109128,0.527836835
7134396,0.021927504,0.128202707,0.849869789
7094055,0.385464094,0.367689961,0.246845945
7220352,0.090489877,0.209086986,0.700423137
7097260,0.012870729,0.042056529,0.945072743
7132074,0.012068537,0.115147306,0.872784156
7195758,3.89E-05,0.033447038,0.966514052
7218227,0.008446775,0.137586759,0.853966466
7191025,0.011301234,0.218438294,0.770260472
7152268,0.439063527,0.428024079,0.132912394
7210298,0.044598403,0.181103471,0.774298126
7096221,0.001465716,0.193202523,0.805331761
7137429,0.009588562,0.05770261,0.932708829
7141582,0.438755427,0.273037965,0.288206608
7125014,0.204879721,0.283964618,0.51115566
7204283,0.063105667,0.315681235,0.621213098
7129195,8.25E-05,0.046575673,0.953341841
7208151,4.41E-05,0.176525426,0.82343051
7169433,0.125219553,0.355540045,0.519240403
7194385,0.018530576,0.136813566,0.844655858
7184378,0.044872002,0.208173851,0.746954146
7112430,0.117821855,0.305843508,0.576334637
7224419,0.017729881,0.117485612,0.864784507
7176557,0,0.058162963,0.941837037
7185501,0.135290883,0.470124506,0.394584612
7205296,0.119138815,0.27833036,0.602530825
7143873,0.005385395,0.03186942,0.962745185
7227106,0.063444664,0.371921331,0.564634005
7143808,0.166740217,0.562803658,0.270456125
7123007,0.495189907,0.308933752,0.195876341
7120025,0.284663857,0.255972469,0.459363674
7095934,0.049021042,0.294019594,0.656959365
7102526,0.072058319,0.408158479,0.519783201
7149561,0.014578422,0.095946544,0.889475034
7147321,0.158340704,0.319970707,0.521688588
7163675,0.012063871,0.014394179,0.973541949
7203197,0.006698375,0.062658883,0.930642741
7192159,0.064001962,0.132221329,0.803776709
7124635,0.001546113,0.022225473,0.976228414
7138513,0.026690259,0.105603993,0.867705748
7116744,0.117607434,0.362457189,0.519935377
7228168,0.040823916,0.140939924,0.818236159
7156739,0.025222626,0.266131289,0.708646086
7233157,0.214820052,0.473161611,0.312018337
7091879,0.020426351,0.175048036,0.804525613
7145151,0.095273095,0.33158447,0.573142435
7230883,0.001114833,0.029455739,0.969429429
7188256,0.129220022,0.493480272,0.377299706
7203095,0,0.022708468,0.977291532
7142105,0.194416739,0.347208328,0.458374933
7210546,0.011703752,0.124467927,0.863828322
7134026,0.099896589,0.54366014,0.356443271
7119521,0.011385915,0.211312288,0.777301797
7225812,0.056465125,0.386929139,0.556605736
7231536,0.016700115,0.098610537,0.884689348
7120399,0.05082412,0.190674938,0.758500942
7209940,0.09604178,0.289367016,0.614591204
7125730,0.015976681,0.385929674,0.598093645
7129665,1.61E-05,0.017955183,0.982028714
7156628,0.051220733,0.233768952,0.715010315
7154533,0,0.033785361,0.966214639
7194011,0.077619773,0.090017914,0.832362313
7159573,0.202329162,0.405675478,0.391995359
7122632,0.015678461,0.040050349,0.94427119
7199902,0.017785516,0.146936412,0.835278072
7204514,0.041906224,0.146176059,0.811917716
7114559,0.008087605,0.0750129,0.916899496
7172574,0.043827937,0.158458076,0.797713987
7190848,0.003422371,0.17957462,0.817003009
7127320,0.215699043,0.610247404,0.174053553
7099989,0.023442072,0.122530714,0.854027213
7193209,0.237090186,0.350150228,0.412759586
7163387,0.581866619,0.260348518,0.157784863
7192322,0.063220737,0.285097423,0.65168184
7181284,0.001641619,0.243872456,0.754485925
7138658,0.016461528,0.104788815,0.878749656
7094836,0.034289864,0.195193835,0.770516301
7228347,0.007912836,0.046608558,0.945478606
7092957,0.057179136,0.422236852,0.520584012
7095106,0.011917453,0.092872758,0.895209789
7118353,0.003350686,0.030513676,0.966135638
7187196,2.73E-05,0.030060127,0.969912606
7171952,0.200168534,0.527561333,0.272270133
7109967,0.064749911,0.213754986,0.721495103
7121401,0.214944908,0.449223725,0.335831367
7117926,0.261294224,0.532442956,0.20626282
7149587,0.001801483,0.078414828,0.919783688
7153700,0.001198767,0.045153893,0.953647341
7128436,0.081566532,0.411471247,0.50696222
7156683,0.003855774,0.101556647,0.89458758
7183547,4.14E-05,0.007743219,0.992215363
7130682,0.07107991,0.342209184,0.586710906
7191787,0.090029726,0.217326308,0.692643966
7201129,3.72E-05,0.015141898,0.984820947
7131018,0.045477052,0.152187252,0.802335696
7191519,0.06054899,0.274071407,0.665379603
7129888,0.004092659,0.090800018,0.905107323
7119314,0.329180086,0.252933821,0.417886093
7173398,0.043592737,0.255110199,0.701297064
7100690,0.448192638,0.257826533,0.293980829
7111231,0.13634903,0.254793341,0.608857629
7173783,0.015984318,0.113219092,0.87079659
7185543,0.013072304,0.244816672,0.742111023
7190190,0.0204484,0.260004116,0.719547484
7157963,0.145618655,0.353940784,0.500440561
7158304,0.329180086,0.252933821,0.417886093
7095639,0.042609734,0.336385046,0.62100522
7130993,0.000839447,0.010009632,0.989150921
7117359,0.012119171,0.235023968,0.752856861
7122494,0,0.004442999,0.995557001
7093292,0.094551111,0.599825683,0.305623206
7214909,0.033991968,0.207148771,0.758859261
7178939,0.061072894,0.098246667,0.840680439
7209358,0.001691317,0.00183676,0.996471923
7232607,0.001217494,0.05758192,0.941200586
7207044,0.005436452,0.018698462,0.975865086
7223765,0.038889713,0.177540558,0.783569728
7103387,0.059662014,0.205151193,0.735186794
7149774,0.009814459,0.064572483,0.925613057
7105211,0.004770821,0.032668961,0.962560218
7183544,0.006248058,0.10162548,0.892126462
7233547,0.019462446,0.176774694,0.80376286
7096046,2.21E-05,0.085024115,0.914953737
7174305,0.128385326,0.381210704,0.490403971
7172833,0.036908415,0.279608488,0.683483097
7109230,0.002385339,0.082887621,0.91472704
7180549,0.113260299,0.359122849,0.527616852
7096591,0.016450254,0.289071962,0.694477784
7110015,4.53E-05,0.098056491,0.901898243
7114048,0.053009756,0.350334041,0.596656204
7111037,0.214378778,0.467763437,0.317857785
7218940,0.004552793,0.101275963,0.894171245
7151360,0.801771016,0.08651443,0.111714554
7127611,0.059870306,0.272180824,0.66794887
7157286,0.023883244,0.217709704,0.758407051
7155237,0.028551096,0.33306476,0.638384144
7152325,0.80941202,0.089804876,0.100783103
7133809,0.419181868,0.175480393,0.405337739
7151723,0.013678213,0.126391933,0.859929854
7139628,0.048642214,0.230051678,0.721306108
7116008,0.00076774,0.006131215,0.993101044
7139222,0.028827561,0.229386607,0.741785832
7118151,0.066790097,0.104114551,0.829095351
7211749,0.058251199,0.142291031,0.799457769
7216084,0.001973614,0.023929326,0.97409706
7167944,0.128373882,0.339157517,0.532468601
7204462,0.299568262,0.41525425,0.285177488
7170651,0.016759426,0.245080243,0.738160331
7166110,0.037459858,0.245921456,0.716618686
7215024,0.012617203,0.111583723,0.875799075
7092587,0.128878433,0.425195361,0.445926206
7228780,0.090133906,0.287309349,0.622556745
7113165,0.059751878,0.264962463,0.67528566
7185875,0.175974448,0.620463673,0.203561879
7207091,0.064065619,0.221712056,0.714222325
7154391,0.023883244,0.217709704,0.758407051
7134369,0.142701765,0.26531073,0.591987505
7114144,0.001688965,0.040637699,0.957673337
7225788,0,0.000462963,0.999537037
7174343,0.343322772,0.344937091,0.311740137
7184376,0.105243345,0.340544848,0.554211808
7099086,0.008522128,0.075865903,0.915611968
7206516,0.020618856,0.108049071,0.871332073
7109865,0.003121058,0.103409263,0.893469679
7221603,0.032405313,0.171183235,0.796411451
7102769,0.025552511,0.135454141,0.838993348
7136804,0.046262733,0.176873061,0.776864207
7133432,0.161245864,0.575497869,0.263256266
7211670,0.060231152,0.326377538,0.613391309
7193044,0.149432187,0.391651394,0.458916419
7179722,1.05E-05,0.00748128,0.99250826
7098040,0.089451137,0.365258327,0.545290536
7228235,0.0331097,0.326148171,0.640742129
7168531,0.015669726,0.129375682,0.854954592
7092471,0.004189659,0.130270128,0.865540213
7151021,0.016455626,0.137227821,0.846316553
7117279,0.046376637,0.19308409,0.760539273
7231987,0.122104724,0.275400246,0.60249503
7152057,0.07242339,0.397232512,0.530344098
7169603,0.004521414,0.133657485,0.861821101
7190178,0.021223443,0.095906121,0.882870436
7098492,0.059184081,0.516173385,0.424642535
7151657,0.065659661,0.238079075,0.696261264
7202087,0.275283388,0.46756725,0.257149363
7172144,0.085135082,0.332350202,0.582514716
7151264,0.672513129,0.220248752,0.107238119
7167649,0.141956782,0.297691858,0.560351361
7125098,0.055691111,0.2623712,0.681937689
7192968,0.137690937,0.382171835,0.480137229
7167064,0.060505261,0.223259835,0.716234905
7208386,0.060725814,0.145333413,0.793940773
7140549,0.31020888,0.376363057,0.313428063
7232611,0.110563582,0.236589494,0.652846924
7231989,0.000445436,0.098303028,0.901251536
7131237,0.068729262,0.459431737,0.471839002
7123477,0.017813521,0.269344467,0.712842012
7139138,0.274876897,0.320376836,0.404746267
7100724,0.000159773,0.022587344,0.977252883
7114596,0.015309905,0.10097443,0.883715665
7143360,5.32E-05,0.024901003,0.975045758
7131232,0.118604303,0.433818439,0.447577258
7135694,0.026192979,0.159309504,0.814497517
7156849,0.031736055,0.344775162,0.623488784
7134868,0.084754642,0.513896066,0.401349292
7204699,0.245446004,0.285539362,0.469014634
7159026,0.038626245,0.291473529,0.669900226
7210613,0.055951262,0.143275444,0.800773294
7178322,0.075785671,0.216492112,0.707722217
7092546,0.029941409,0.240607812,0.729450779
7175776,0.004823253,0.128880253,0.866296494
7198568,0.060565602,0.286706673,0.652727725
7205032,8.51E-05,0.015297395,0.984617468
7191829,0.036303032,0.170762319,0.792934649
7090354,2.98E-05,0.002519613,0.997450625
7103754,0.074231664,0.369567678,0.556200659
7210833,0.108390974,0.351849313,0.539759713
7119486,0.034677423,0.296214505,0.669108072
7313611,0.020899561,0.188116261,0.790984178
7192079,0.05947795,0.251663185,0.688858866
7174050,0.004293322,0.088110401,0.907596277
7158408,0.015341303,0.071686246,0.912972451
7162815,0.30161395,0.431222552,0.267163498
7128366,0.466976311,0.179985292,0.353038396
7233175,0.053165618,0.477272253,0.469562129
7095885,0.005656567,0.175088878,0.819254556
7098256,0.002970004,0.107591649,0.889438346
7198026,0.086453458,0.28995259,0.623593953
7179395,0.016145248,0.1244965,0.859358252
7126687,0.015840932,0.104061715,0.880097353
7186570,0.003880734,0.148206099,0.847913167
7174616,0.073302355,0.376706561,0.549991084
7190918,0.062555105,0.203943134,0.733501761
7174630,0.000770099,0.183670093,0.815559808
7099714,0.077673419,0.219203659,0.703122922
7210257,0.009123412,0.086825684,0.904050904
7218237,0.02086496,0.10653508,0.87259996
7194008,0.053743878,0.196875176,0.749380947
7145715,0.000106994,0.010940857,0.988952149
7161245,0.03079837,0.123827798,0.845373832
7232193,0.139685976,0.247814578,0.612499446
7157880,0.171115602,0.419595134,0.409289264
7234325,0.000178158,0.093230349,0.906591493
7105040,0.049456221,0.530037401,0.420506378
7123444,0.054332053,0.223837037,0.72183091
7098616,0.001540666,0.138469831,0.859989503
7111962,0.026286288,0.169963047,0.803750665
7206817,0.00694938,0.08699438,0.90605624
7140556,0.065320502,0.437167375,0.497512124
7214145,0.002203871,0.07893109,0.918865039
7215333,0.012314308,0.233269619,0.754416073
7130379,0.008724144,0.233434269,0.757841587
7215033,0.006576865,0.0575039,0.935919235
7200611,0.006730328,0.05595114,0.937318532
7159658,0.095432739,0.273394136,0.631173125
7109857,0.000630252,0.053235131,0.946134617
7187765,0.007574907,0.116327534,0.87609756
7197884,0.028685919,0.220455413,0.750858669
7141108,0.213387312,0.315353572,0.471259115
7221313,0.026071277,0.407650233,0.56627849
7160195,0.000659019,0.013399577,0.985941404
7135503,0.000568705,0.061209891,0.938221404
7184754,0.05620142,0.373329676,0.570468904
7181796,0.016036414,0.349108817,0.634854769
7204408,0.055419421,0.38512922,0.559451359
7125047,0.001562865,0.025653491,0.972783644
7170001,0.104710445,0.519363064,0.375926492
7222789,0.052515361,0.232925334,0.714559305
7119555,0.046293502,0.407147037,0.546559461
7103893,0.0039599,0.057163462,0.938876637
7231878,0.020163422,0.241060605,0.738775973
7194073,0.055584086,0.344584095,0.599831819
7156654,0.018840017,0.195567064,0.785592918
7181249,0.001261101,0.02772046,0.971018439
7155816,0.01522292,0.075658945,0.909118135
7140001,0.065089245,0.037803459,0.897107296
7167234,0.084104826,0.302797279,0.613097895
7102496,0.007110697,0.029109028,0.963780275
7232981,0.330509931,0.445883498,0.223606571
7216485,0.0052866,0.089211792,0.905501608
7224065,0.008257384,0.144316792,0.847425824
7172720,0.000194229,0.008691378,0.991114394
7119328,0.13634903,0.254793341,0.608857629
7166323,0.098706792,0.285766168,0.615527039
7095312,0.096487436,0.326277009,0.577235555
7126464,0.033168025,0.564502742,0.402329233
7156313,0.020387123,0.182182254,0.797430624
7142691,0.062106621,0.478087259,0.45980612
7180405,0.006350279,0.102266345,0.891383377
7201309,0.016916092,0.06717222,0.915911688
7229233,0.010726477,0.227439583,0.76183394
7128242,0.044535652,0.247324561,0.708139787
7206764,0.000643434,0.129844751,0.869511815
7125953,0.191024671,0.318641119,0.49033421
7193756,0.029332928,0.283491706,0.687175366
7110807,0.387381927,0.435811822,0.17680625
7123025,0.006544631,0.147113783,0.846341586
7229043,0.058975942,0.189669904,0.751354154
7144529,0.128389359,0.429061636,0.442549005
7089925,0.00521989,0.118905894,0.875874216
7142909,0.001279399,0.040866796,0.957853805
7200320,0.047814609,0.375752764,0.576432627
7216427,0.093760491,0.471063677,0.435175832
7192680,0.036421147,0.136666855,0.826911998
7130341,0.077192979,0.25529196,0.667515061
7214209,0.068671245,0.204566807,0.726761948
7207776,0.175761888,0.408987395,0.415250717
7185816,0.038252939,0.238620414,0.723126648
7172271,0.003031182,0.074488441,0.922480377
7165343,0.002666832,0.112007101,0.885326067
7212934,0.016626782,0.187649253,0.795723964
7152751,0.10100722,0.468307141,0.430685639
7089177,0.076241752,0.341695571,0.582062677
7135107,0.050072104,0.21597664,0.733951256
7092850,0.016460096,0.238536861,0.745003043
7158555,0.220892488,0.36635597,0.412751542
7234183,2.73E-05,0.013742397,0.986230336
7118286,0.05082412,0.190674938,0.758500942
7119152,0.018530576,0.136813566,0.844655858
7223584,0.321220259,0.229906411,0.44887333
7123957,0.034961709,0.041321775,0.923716516
7223702,0.000108418,0.012373791,0.987517791
7108026,0.002695991,0.08065552,0.91664849
7165605,0.645599761,0.172292314,0.182107924
7227039,0.082173961,0.596354776,0.321471264
7157195,0.090458258,0.237468978,0.672072764
7104579,0.021488152,0.18176244,0.796749408
7119805,0.079390733,0.335799881,0.584809386
7142014,0.34538699,0.282530209,0.3720828
7174412,0.014008849,0.382980367,0.603010785
7205037,0.016858932,0.203504028,0.77963704
7096604,0.004683878,0.207756728,0.787559394
7214758,0.070314665,0.139172514,0.790512821
7135785,0.024564739,0.08894957,0.886485691
7210042,0.000948276,0.062258631,0.936793094
7150868,0.240529304,0.307259458,0.452211238
7115004,0.026882361,0.166547711,0.806569927
7208850,0.00184758,0.063582474,0.934569946
7122006,0.299852002,0.331333341,0.368814658
7218334,0.007160838,0.135616236,0.857222926
7164673,0.205961631,0.422254013,0.371784357
7098334,0.041930121,0.194599741,0.763470138
7116799,0.028697976,0.229631946,0.741670079
7158050,0.04835376,0.354795049,0.596851191
7113260,0.13340697,0.522258485,0.344334545
7169293,0.124879406,0.192675274,0.68244532
7219356,0.419701133,0.390988969,0.189309898
7103883,0.005881323,0.124908331,0.869210346
7162849,0.013145217,0.161627981,0.825226802
7220960,0.081880709,0.198587613,0.719531677
7218150,0.003818626,0.186744954,0.80943642
7169062,0.014863473,0.202652392,0.782484135
7132833,0.11122988,0.384151868,0.504618251
7153312,0.114433893,0.448500243,0.437065864
7102582,0.010415924,0.090334673,0.899249402
7128031,0.367722769,0.371014472,0.261262759
7226979,0,0.028090574,0.971909426
7174830,0.021822433,0.07960522,0.898572347
7095500,0.41116899,0.333377218,0.255453791
7203788,0.035619622,0.135792191,0.828588187
7195129,0.08088194,0.260918098,0.658199961
7096676,0.002890643,0.08499106,0.912118296
7139189,0.001400292,0.026033308,0.9725664
7156036,0.237167539,0.484061157,0.278771304
7201766,0.414880214,0.225498705,0.359621081
7127461,0.150441021,0.30301191,0.546547069
7176092,0.228373112,0.226337069,0.545289819
7093983,0.063262459,0.260310988,0.676426554
7219250,0.057027708,0.119211801,0.823760491
7216197,0.340893588,0.534704951,0.124401461
7175523,0.092079132,0.263848168,0.6440727
7096041,0.001471604,0.029027538,0.969500857
7106333,0.03568875,0.082850522,0.881460727
7135564,0.083027959,0.143526492,0.773445549
7230191,0.019307736,0.234647651,0.746044613
7094318,0.3639355,0.411211074,0.224853426
7157145,0.007898106,0.24380246,0.748299434
7141347,0.01461463,0.062388401,0.922996969
7197253,0.314584684,0.356813295,0.328602021
7151861,0.00186971,0.043616687,0.954513603
7128268,0.110342539,0.471113647,0.418543814
7180937,0.024465202,0.2030602,0.772474598
7097170,0.004450635,0.039427726,0.956121639
7205053,0.01490801,0.132870487,0.852221503
7223074,0.078937944,0.457883414,0.463178642
7127700,0.002925522,0.159762355,0.837312122
7184877,0.003674752,0.056325808,0.93999944
7156129,0.027962999,0.121774408,0.850262593
7233730,0.002448101,0.044841223,0.952710676
7153783,0.233876232,0.15606195,0.610061818
7113299,0.002879526,0.051768114,0.94535236
7098374,0.023559959,0.194155747,0.782284294
7225647,0.00130814,0.026839596,0.971852265
7111117,0.012209273,0.084204478,0.903586249
7138147,0.001487351,0.127186081,0.871326567
7120784,0.052913925,0.335100118,0.611985958
7186670,0.06705388,0.434953353,0.497992767
7145739,0.000206189,0.012805683,0.986988128
7090058,0.032759805,0.361472525,0.60576767
7110436,0.017116852,0.351824812,0.631058335
7232756,8.86E-05,0.08334906,0.91656232
7111709,0.053168729,0.376223905,0.570607367
7107311,0.042226003,0.061253164,0.896520833
7210450,0.151276411,0.644610085,0.204113504
7127661,0.027662034,0.113584924,0.858753042
7096383,0.178474204,0.439915764,0.381610032
7137831,0.019710606,0.077214628,0.903074766
7160032,0.041848933,0.403510992,0.554640075
7128113,0.048357891,0.178803686,0.772838423
7197701,0.038763421,0.161291905,0.799944674
7140888,0.00083413,0.078508479,0.920657391
7098130,0.096021546,0.39148893,0.512489524
7158260,0.072418587,0.189388017,0.738193396
7112812,0.151515116,0.343109294,0.50537559
7179231,0.1950844,0.396253816,0.408661784
7123293,0.19163946,0.56547144,0.2428891
7127939,0.041637246,0.362906512,0.595456242
7210843,0.015910517,0.00082852,0.983260962
7119906,0.001460358,0.028748185,0.969791457
7157868,0.003303629,0.114647583,0.882048789
7160993,0.1511282,0.238317902,0.610553898
7198449,0.074733493,0.387158461,0.538108046
7194749,0.12565421,0.282684564,0.591661226
7164909,0.055573109,0.227114486,0.717312405
7155991,0.115448606,0.204736693,0.679814701
7219535,0.005235738,0.044684328,0.950079934
7127883,0.000965227,0.094020778,0.905013995
7192641,0.172013689,0.413329963,0.414656348
7222187,0.124607234,0.335457368,0.539935398
7129565,0.032123537,0.182256607,0.785619856
7143475,0.085726254,0.586492726,0.32778102
7121904,0.231976151,0.333307296,0.434716553
7124968,0.025376621,0.205319637,0.769303743
7103194,0.071782547,0.253038661,0.675178792
7197397,0.007126129,0.088068828,0.904805043
7181741,0.043497928,0.336796479,0.619705593
7139959,0.056872917,0.237174192,0.705952891
7179519,0.47557079,0.318197344,0.206231866
7187941,0.010035639,0.129556131,0.86040823
7142188,0.617189916,0.183615391,0.199194693
7224310,0.030676293,0.214739741,0.754583966
7142856,0.030953635,0.30252706,0.666519305
7090831,0.009907079,0.34316553,0.646927391
7152437,4.18E-05,0.00310193,0.996856271
7130584,0.083692906,0.280102159,0.636204934
7162590,0.003070205,0.054460107,0.942469689
7210173,0.002394108,0.192789184,0.804816708
7173461,0.214388535,0.465122466,0.320488999
7201402,0.084558443,0.349249509,0.566192048
7156675,0.178427836,0.58403322,0.237538944
7105849,0.15864572,0.354991345,0.486362935
7190940,0.034647514,0.193555866,0.771796619
7176492,0.069654805,0.30840156,0.621943636
7109146,0.01630669,0.217527869,0.76616544
7135096,0.044035639,0.293499256,0.662465105
7145341,0.00878428,0.117350333,0.873865387
7170053,0.387381927,0.435811822,0.17680625
7222037,0.220050684,0.303592522,0.476356794
7200576,0.259635373,0.228392609,0.511972018
7219311,0.254133546,0.400893072,0.344973383
7088683,0.008149201,0.079284352,0.912566447
7197130,0.086397511,0.430640812,0.482961676
7198553,0.004708498,0.123199091,0.872092411
7092108,0.25289187,0.305897866,0.441210264
7233635,0.262361611,0.478805089,0.2588333
7162208,0.021240001,0.273237149,0.70552285
7113584,0.215006001,0.356776911,0.428217088
7088920,0.275754651,0.273762576,0.450482773
7212619,0.037226968,0.205453626,0.757319406
7108297,0.001926001,0.108250931,0.889823068
7212382,0.017898079,0.216931113,0.765170808
7228960,0.008628505,0.118803087,0.872568408
7223136,0.000660118,0.033965772,0.965374111
7140835,0.044240513,0.191164663,0.764594823
7161726,0.205484327,0.406911789,0.387603884
7193196,0.001650245,0.120455097,0.877894658
7131021,6.95E-05,0.172198465,0.827732027
7136116,0,0.000462963,0.999537037
7199243,0.021723579,0.231091458,0.747184963
7107410,0.036312599,0.281395137,0.682292264
7111408,0.093064536,0.460772301,0.446163162
7143442,0.030284693,0.229691705,0.740023602
7201307,0.000832483,0.05149077,0.947676747
7163518,0.292468181,0.267176507,0.440355311
7210133,0.016972661,0.227881991,0.755145348
7155655,0.025954694,0.17738316,0.796662146
7140488,0.028890573,0.227928721,0.743180705
7133293,0.018763438,0.063695251,0.91754131
7126808,0.00903927,0.069678303,0.921282427
7227507,0.018940294,0.099491459,0.881568247
7159592,0.001719801,0.083550656,0.914729543
7180725,0.035505938,0.108316288,0.856177774
7150854,0.02630267,0.109289597,0.864407733
7137335,0.07015133,0.088037307,0.841811363
7158425,0.00243266,0.024621935,0.972945405
7213225,0.077619773,0.090017914,0.832362313
7148260,0.001874788,0.044850174,0.953275038
7111858,0.091959054,0.3062683,0.601772646
7171126,0.004917988,0.064903354,0.930178658
7189468,4.99E-05,0.037883343,0.962066792
7192340,0.034946992,0.129239741,0.835813267
7164476,0.191547818,0.408451745,0.400000438
7510953,0.007146867,0.172194479,0.820658654
7233576,0.040571631,0.407462058,0.551966311
7181820,0.010882232,0.133498922,0.855618846
7152810,0.007374888,0.037675006,0.954950106
7201962,5.63E-05,0.02011222,0.979831508
7139487,0.151405251,0.502584772,0.346009977
7227862,0.141444967,0.365686674,0.49286836
7207553,0.017608423,0.098491914,0.883899663
7161665,0.00475239,0.060058159,0.935189451
7145839,0.009907079,0.34316553,0.646927391
7111740,0.015689696,0.098279158,0.886031147
7218313,0.012299193,0.228143333,0.759557473
7210476,0.103290102,0.264988462,0.631721435
7215652,0.001426739,0.025595874,0.972977388
7139122,0.01679666,0.200055302,0.783148038
7105843,0.101013706,0.466035983,0.432950311
7202962,0.040252522,0.336158886,0.623588593
7125601,0.002655689,0.009717765,0.987626547
7177976,0.072490465,0.279554859,0.647954676
7160458,0.00855264,0.075013612,0.916433749
7101930,0.055970625,0.419555667,0.524473708
7162776,0.038239229,0.29251285,0.669247921
7201534,0.169710277,0.554055141,0.276234582
7134791,0.152516143,0.369960753,0.477523104
7187911,0.027228153,0.040830492,0.931941355
7179474,0.247116285,0.376339105,0.376544609
7211709,0.217284226,0.466195463,0.316520311
7091376,0.026644404,0.333037815,0.64031778
7220819,0.149087641,0.3181537,0.532758659
7097222,0.070463123,0.188307913,0.741228964
7214485,0.002037528,0.086925747,0.911036725
7191186,0.087362733,0.218832876,0.693804391
7113981,0.047282991,0.166895869,0.78582114
7100790,0.000239747,0.068489792,0.931270461
7147743,7.40E-05,0.042977329,0.956948647
7092755,0.247378249,0.443169343,0.309452409
7113999,0.052895914,0.223422853,0.723681233
7119360,0.047145854,0.122642742,0.830211404
7088049,0.005083169,0.043762617,0.951154214
7144447,0.232490427,0.639512924,0.127996649
7123686,0,0.00452442,0.99547558
7178148,0.018943513,0.229740036,0.751316451
7100482,0.033464016,0.359493553,0.607042432
7131572,0.314586674,0.31401396,0.371399366
7181965,0.129074063,0.244724791,0.626201146
7110028,0.103752002,0.417363833,0.478884164
7107440,0.045854165,0.561062751,0.393083083
7124764,0.02086496,0.10653508,0.87259996
7152838,1.05E-05,0.042148663,0.957840876
7146250,0.184113012,0.507924843,0.307962144
7198218,0.025903947,0.276069709,0.698026343
7136542,0.11440185,0.469190432,0.416407718
7204694,0.006549935,0.101822667,0.891627398
7230370,0.00761981,0.066440262,0.925939928
7207615,0.072418587,0.189388017,0.738193396
7170804,0.05205857,0.21734006,0.73060137
7100338,0.03547425,0.308237496,0.656288254
7102612,0.064156853,0.193190602,0.742652545
7136327,0.103265406,0.220236086,0.676498509
7226629,0.016869405,0.240117246,0.74301335
7154141,0.028255751,0.160125946,0.811618304
7119278,0.012926657,0.097470085,0.889603258
7172516,0.012920878,0.237012767,0.750066355
7173854,0.043524432,0.139974479,0.816501089
7113913,0.002866477,0.073770595,0.923362928
7214948,0.001243875,0.063285912,0.935470212
7167244,0.058668952,0.356268221,0.585062827
7212552,0.038557146,0.247222444,0.71422041
7169247,0.019688125,0.215985615,0.764326261
7164608,0.191846108,0.098033118,0.710120774
7104037,5.26E-05,0.032687491,0.967259894
7161305,0.070960584,0.286537256,0.64250216
7233719,0.079832441,0.157794787,0.762372772
7197388,0.045047148,0.155072199,0.799880653
7109575,0.573303844,0.227727006,0.19896915
7204398,0.017707661,0.204671865,0.777620474
7218631,0.092485051,0.20385548,0.703659468
7130018,0.119459781,0.161048759,0.719491459
7123544,0.022445203,0.301895195,0.675659603
7159778,0,0.001730051,0.998269949
7212037,0.049620418,0.146003761,0.804375821
7141155,0.004306267,0.026778936,0.968914797
7131753,0.005179195,0.081393927,0.913426878
7172478,0.07269284,0.09708051,0.83022665
7119936,0.014269479,0.185653792,0.800076729
7178319,0.000495452,0.004243953,0.995260595
7210976,0.013495856,0.123148455,0.863355689
7088694,0.09914099,0.814702005,0.086157004
7126674,0.000559441,0.011780798,0.987659761
7225095,0.029239719,0.522395417,0.448364864
7177379,0.057312742,0.373855729,0.568831529
7167344,0.000555105,0.027306391,0.972138504
7092487,0.216616681,0.455386057,0.327997262
7207338,0.021222751,0.156370494,0.822406755
7200580,0.148447896,0.237408139,0.614143965
7101757,0.000238347,0.015156873,0.984604781
7106534,0.14394355,0.309150545,0.546905905
7140877,0.036917109,0.311837339,0.651245552
7088400,0.00586996,0.078599714,0.915530326
7208826,0.1906455,0.445192198,0.364162302
7124298,0.163658029,0.418660287,0.417681683
7197164,0.091659103,0.22409066,0.684250237
7188447,0.007843338,0.218669079,0.773487583
7193170,0.05778354,0.198287549,0.743928911
7232150,0.377394473,0.381758146,0.240847381
7206931,0.00521989,0.118905894,0.875874216
7163701,0.07400419,0.416724036,0.509271774
7230747,0.002583976,0.164828826,0.832587198
7123636,0.002098146,0.021018383,0.976883472
7100167,0.282540433,0.611645227,0.10581434
7095483,0.024226579,0.038663584,0.937109837
7212292,0.027860824,0.163179633,0.808959543
7161423,0.123348261,0.519789265,0.356862474
7094323,0.040453693,0.263641145,0.695905162
7134126,0.076035575,0.144719748,0.779244678
7135730,0,0.004258265,0.995741735
7114056,0.648142016,0.163106245,0.188751739
7162122,0.01250385,0.05561216,0.931883991
7226116,0.020564858,0.19621902,0.783216123
7225528,0.002622254,0.010765621,0.986612125
7198381,0.017488756,0.090848136,0.891663108
7165862,0.005184199,0.108643726,0.886172074
7226721,0.058251199,0.142291031,0.799457769
7119665,0.019349999,0.133664953,0.846985048
7092959,0.166702624,0.424833885,0.408463491
7233370,0.01776132,0.157813651,0.824425029
7198643,0.253741818,0.480747545,0.265510637
7151311,0.024539192,0.189357764,0.786103044
7228932,0.080107556,0.534890831,0.385001613
7133618,0.10465846,0.309393465,0.585948075
7155042,0.000175439,0.007730619,0.992093942
7202228,0.087489262,0.380242308,0.53226843
7138573,1.46E-05,0.010001832,0.989983612
7108430,0.015712401,0.196399688,0.787887911
7231314,0.010539305,0.054240765,0.93521993
7124228,0.110114481,0.463559817,0.426325703
7174511,0.050952948,0.135683363,0.813363688
7185449,0.000588207,0.019685695,0.979726099
7213650,0.007129983,0.082679856,0.910190161
7133941,0.046233068,0.126555184,0.827211747
7187366,0,0.020676414,0.979323586
7224166,0.080333687,0.221623529,0.698042784
7169973,0.022734622,0.159670856,0.817594522
7210489,0.086387716,0.450673792,0.462938492
7161088,0.343322772,0.344937091,0.311740137
7153934,0.025620247,0.411013518,0.563366236
7131257,0.005179195,0.081393927,0.913426878
7194859,0.050929723,0.377420054,0.571650223
7113061,0.173966316,0.429345872,0.396687812
7204259,0.000284303,0.011765711,0.987949987
7222883,0.028125339,0.155500388,0.816374273
7102127,0.085180982,0.24556106,0.669257958
7101779,0.006209946,0.034648228,0.959141825
7204401,0.060346686,0.151768816,0.787884498
7102696,0.000646581,0.076383918,0.922969501
7167132,0.005447607,0.109676575,0.884875818
7153925,0.252902456,0.473747445,0.273350099
7109556,0.03435492,0.147848344,0.817796735
7140782,0.029795921,0.19732923,0.772874849
7150633,0.083100515,0.280317482,0.636582003
7130332,0.13634903,0.254793341,0.608857629
7090117,0.061005509,0.121984259,0.817010232
7159969,0.018592721,0.121713885,0.859693394
7159980,0.002900574,0.046663055,0.950436372
7094322,0.254570733,0.457716655,0.287712612
7169785,0.198252056,0.471746078,0.330001866
7137077,0.012129749,0.108895756,0.878974495
7166021,0.001784602,0.043452179,0.954763219
7090007,0.026182302,0.152433451,0.821384247
7174035,0.044117833,0.104662285,0.851219881
7222684,0.032269333,0.182995235,0.784735432
7145358,0.01200024,0.287167119,0.700832641
7198874,0.085435041,0.337294028,0.577270931
7227001,0.066344718,0.281025447,0.652629835
7213525,0.088637476,0.218476116,0.692886408
7222801,3.89E-05,0.033447038,0.966514052
7223947,0.131977738,0.428548456,0.439473806
7217717,0.115513205,0.104626999,0.779859796
7131037,0.000330896,0.02272451,0.976944594
7212360,0.534413581,0.211472352,0.254114068
7116094,0.1459184,0.311658946,0.542422654
7117057,0.036830659,0.119708354,0.843460987
7110218,0.205714379,0.444636167,0.349649453
7224295,0.050918245,0.3526274,0.596454355
7156844,0.114034634,0.541526704,0.344438662
7132335,0.142718432,0.628124029,0.229157539
7177151,0.353658033,0.42672587,0.219616097
7145144,0.048201574,0.206720851,0.745077575
7088527,7.13E-05,0.061397291,0.938531438
7591938,0.062461376,0.179084108,0.758454516
7164189,0.010291191,0.084775195,0.904933614
7181386,0.063250346,0.32136316,0.615386494
7154896,0.042264313,0.148493254,0.809242433
7171775,0.001583428,0.038198145,0.960218427
7223791,0.011545942,0.121103739,0.867350319
7114825,0.000329279,0.010765002,0.988905719
7186411,0.040858489,0.363835675,0.595305836
7178692,0.016877003,0.14103694,0.842086057
7092405,0.181268605,0.504189218,0.314542178
7154186,0.000609466,0.036239819,0.963150715
7089860,0.048219635,0.246744987,0.705035378
7093311,0.020671776,0.106571423,0.872756801
7095391,0.05420192,0.188299917,0.757498163
7117897,0.022978517,0.24749331,0.729528174
7109138,0.011843523,0.131334129,0.856822348
7099040,0.024812431,0.212278137,0.762909432
7093041,0.004176004,0.016739524,0.979084472
7094767,0.019470013,0.151316347,0.82921364
7111403,0.062705859,0.452235288,0.485058853
7136662,0.008313108,0.066545346,0.925141546
7172760,0.030319488,0.163383845,0.806296667
7093925,0.162512176,0.301503792,0.535984031
7151085,0.007611952,0.188551056,0.803836993
7229152,0.022515483,0.079726685,0.897757832
7177630,0.052092884,0.376456443,0.571450672
7112601,0.017815335,0.368625122,0.613559543
7091858,0.151699288,0.413316081,0.434984631
7145790,0.17065764,0.329492459,0.499849901
7121469,0.230908337,0.350160485,0.418931177
7131218,0.000887723,0.036520506,0.962591771
7089818,0.032122826,0.168185798,0.799691377
7218493,0.155713321,0.407127692,0.437158987
7102516,0.030664682,0.142801516,0.826533801
7128832,0.010554322,0.058142222,0.931303456
7141416,0.011725528,0.084389722,0.90388475
7119172,0.047321936,0.181510766,0.771167297
7104404,0.083494814,0.337168013,0.579337173
7155370,0.012812203,0.18520878,0.801979017
7099106,0.025129425,0.287987288,0.686883287
7207897,0.000452556,0.055962974,0.94358447
7181407,0.185626926,0.385928712,0.428444362
7230033,0.199874029,0.219974042,0.580151928
7089127,0.192318539,0.424020725,0.383660736
7209677,0.000832141,0.090061539,0.90910632
7140941,0.059425998,0.543405348,0.397168654
7104655,0.018146735,0.063790856,0.918062409
7229311,0.235239697,0.356033108,0.408727195
7150462,0.022478063,0.224961473,0.752560463
7193420,0.173500217,0.418184179,0.408315604
7224661,0.030927467,0.269465905,0.699606628
7105052,0.044655601,0.198203903,0.757140496
7211261,0.262862756,0.331946777,0.405190467
7209769,0.116571872,0.445042654,0.438385474
7167803,0.001140469,0.114976761,0.88388277
7095923,0.040024655,0.2407751,0.719200245
7187442,0.091384328,0.126233007,0.782382665
7108785,0.007507504,0.057767747,0.934724749
7179725,0.050319338,0.156994334,0.792686328
7210753,0.039789579,0.322884113,0.637326308
7211593,0.117590801,0.269241349,0.61316785
7186078,0.024689762,0.100283516,0.875026722
7090925,0.241820877,0.450750574,0.30742855
7134002,0.155641295,0.303925072,0.540433632
7164549,0.015690992,0.319806646,0.664502363
7215742,0.005027715,0.074348502,0.920623783
7108240,0.022499304,0.146954646,0.83054605
7197086,0.219508103,0.714762247,0.06572965
7205678,0.004204308,0.005826298,0.989969394
7122785,0.000311594,0.011651475,0.98803693
7114064,0.001073456,0.058675723,0.94025082
7224343,0.013995117,0.072194099,0.913810784
7194178,0.015528799,0.381026382,0.603444819
7095589,0.056083816,0.208330096,0.735586088
7197800,0.007782393,0.082653614,0.909563993
7088799,0.017155992,0.134020808,0.848823199
7194121,0.023970069,0.224408202,0.751621729
7196590,0.214746423,0.344189625,0.441063951
7223833,0.24334735,0.520320091,0.236332558
7110915,0.017317518,0.521089238,0.461593245
7224056,0.035505938,0.108316288,0.856177774
7197047,0.129020187,0.437718568,0.433261245
7090158,0.07682946,0.653967008,0.269203532
7123473,0.151783552,0.350005551,0.498210898
7193586,0.09518998,0.111033766,0.793776254
7196693,0,0.000336538,0.999663462
7199564,0.000448323,0.112344261,0.887207416
7093574,0.003125429,0.088101728,0.908772843
7092343,0.029967631,0.296789082,0.673243288
7217049,0.103934396,0.352166487,0.543899118
7111219,0.106022779,0.32920307,0.56477415
7133704,0.095906606,0.442436262,0.461657133
7182001,0.008838241,0.031288988,0.959872772
7180442,0.115959878,0.200436752,0.68360337
7111017,0.054633828,0.317172319,0.628193853
7220878,0.08179822,0.356867447,0.561334333
7095205,0.187790548,0.288844339,0.523365113
7216517,0,0.008953443,0.991046557
7159288,0.193202389,0.42126108,0.385536531
7119246,0.281338913,0.423304717,0.29535637
7158215,0.047609701,0.168201233,0.784189066
7136730,0.007110697,0.029109028,0.963780275
7107671,0.000246914,0.004497351,0.995255735
