listing_id,high,medium,low
7142618,0.048072736,0.405110467,0.546816797
7210040,0.352087203,0.392839741,0.255073055
7174566,0.127332799,0.207670071,0.664997129
7191391,0.364448309,0.355524772,0.280026918
7171695,0.004972709,0.068709981,0.926317309
7225206,0.005045318,0.156030849,0.838923833
7200075,0.006521152,0.02352932,0.969949529
7145074,0.215471514,0.383075573,0.401452912
7193645,0.062165936,0.23056818,0.707265884
7147703,0.011174946,0.081467373,0.907357681
7182218,0.11709617,0.193920033,0.688983797
7132136,0.006677885,0.054622158,0.938699957
7130670,0.066341723,0.169653216,0.764005061
7151855,0.028173774,0.188668746,0.78315748
7158358,0.021401223,0.232356215,0.746242562
7221001,0.018925884,0.056110203,0.924963912
7100305,0.385252385,0.357133959,0.257613656
7096581,0.069685382,0.522813275,0.407501343
7177904,0.035864144,0.401633997,0.56250186
7122823,0.131262753,0.465027902,0.403709345
7183502,0.003649373,0.146381735,0.849968892
7170627,0.090812834,0.390803966,0.518383199
7154826,0.269123172,0.367778637,0.363098192
7155276,0,0.090488877,0.909511123
7126641,0.080173545,0.32852984,0.591296616
7096119,0.175935554,0.293816686,0.530247761
7197172,0.032737282,0.160362533,0.806900185
7189973,0.06951317,0.217681993,0.712804837
7123008,0.237245869,0.196620104,0.566134027
7146900,0.047078193,0.393258188,0.559663619
7109717,0.027887962,0.486754692,0.485357346
7129938,0.043391618,0.098023223,0.858585159
7107178,1.59E-05,0.006734778,0.993249349
7176321,0.058813248,0.238797109,0.702389643
7128745,0.051745155,0.339808384,0.608446461
7142399,0.094706642,0.686136624,0.219156734
7173397,0.029637247,0.119986045,0.850376708
7097445,0.281492178,0.386354945,0.332152877
7176649,0.025732154,0.12060637,0.853661475
7217973,0.035245557,0.213809515,0.750944928
7181413,0.017478722,0.143823384,0.838697894
7131045,0.015876271,0.114174521,0.869949208
7227600,0.072419011,0.313934942,0.613646047
7152410,0.023104412,0.229489398,0.74740619
7164630,0.040023321,0.246251075,0.713725604
7233385,0.0256763,0.219370208,0.754953492
7132168,0.054655157,0.228696098,0.716648746
7177475,0.001336895,0.007644281,0.991018825
7195866,0.00090783,0.067091328,0.932000841
7128348,0.030170026,0.042016172,0.927813802
7127663,0.048606309,0.132734668,0.818659023
7224803,0.021005445,0.023589268,0.955405287
7175018,0.085764842,0.504506089,0.409729069
7172595,0.094004012,0.295074147,0.610921841
7109912,0.052364336,0.561145842,0.386489822
7138297,0.204034545,0.284906807,0.511058648
7092476,0.041643872,0.196285637,0.762070491
7089303,0.003349584,0.084425526,0.912224889
7125155,0.043277475,0.474625813,0.482096711
7220062,0.030245318,0.213581867,0.756172815
7106449,0.100369635,0.463154163,0.436476202
7128225,0.079000429,0.36129321,0.559706361
7195250,0.001602638,0.065967853,0.932429509
7218672,0.012963039,0.497695354,0.489341607
7196783,0.053578108,0.405665621,0.540756271
7103890,0.063617711,0.225194002,0.711188287
7091781,0.065397355,0.24927925,0.685323395
7188560,0.000512821,0.042936237,0.956550943
7158435,0.207934126,0.318049259,0.474016615
7174040,0.057583235,0.104830544,0.837586221
7090560,0.175935554,0.293816686,0.530247761
7176342,0.00251242,0.167400919,0.83008666
7192962,0.0136046,0.117296855,0.869098545
7097397,0.031112411,0.196428159,0.772459431
7145866,0.018974655,0.131952276,0.849073069
7206754,0.001098306,0.036316288,0.962585407
7138175,0.126045529,0.339926731,0.53402774
7149594,0.000892455,0.029798788,0.969308757
7156633,0.010507226,0.254157348,0.735335425
7105345,0.030015894,0.391345467,0.578638639
7213632,0.208551213,0.480704125,0.310744662
7183113,0.010703153,0.121104529,0.868192318
7140000,0.333223911,0.463730574,0.203045515
7195613,0.011803337,0.133633906,0.854562757
7105115,0.058413183,0.485323103,0.456263714
7160348,0.01159722,0.029483089,0.958919691
7160614,0.015533138,0.048530789,0.935936073
7092337,0.005379662,0.139553731,0.855066607
7147336,0.006748885,0.11915238,0.874098735
7218407,0.017032829,0.103731807,0.879235363
7153777,0.48164758,0.257205426,0.261146994
7105692,0.160139539,0.373021126,0.466839335
7182783,0.019117396,0.209688839,0.771193765
7175581,0.000393959,0.078525493,0.921080548
7178664,0.205478086,0.343885423,0.45063649
7211063,0.239159194,0.247539038,0.513301769
7224728,0.024512836,0.097669131,0.877818033
7102627,0.030850754,0.24857952,0.720569726
7092248,0.229601886,0.417820057,0.352578058
7207732,0.048697409,0.411714817,0.539587774
7103067,0.009626149,0.131346577,0.859027275
7229817,0.105720704,0.188846581,0.705432715
7172753,0.081870002,0.263141019,0.654988979
7125988,0.002653291,0.007683312,0.989663397
7091708,0.00031746,0.023015265,0.976667275
7120982,0.422186343,0.441527789,0.136285868
7200404,0.056301941,0.425986388,0.517711671
7134396,0.020255874,0.144797029,0.834947097
7094055,0.373734794,0.366868536,0.25939667
7220352,0.092036509,0.210965142,0.696998349
7097260,0.008383008,0.044811043,0.946805949
7132074,0.016217034,0.118305088,0.865477878
7195758,4.13E-05,0.029555838,0.970402886
7218227,0.006593504,0.133494492,0.859912003
7191025,0.008968819,0.227199323,0.763831858
7152268,0.461129175,0.407245037,0.131625788
7210298,0.037241549,0.180603202,0.782155249
7096221,0.000540817,0.205235648,0.794223535
7137429,0.012957303,0.079219676,0.907823021
7141582,0.465019795,0.259481593,0.275498612
7125014,0.191807931,0.281822014,0.526370055
7204283,0.077526759,0.306934962,0.61553828
7129195,0.000161537,0.049206917,0.950631546
7208151,5.87E-05,0.17153472,0.828406549
7169433,0.114749864,0.381138174,0.504111962
7194385,0.015575119,0.152559814,0.831865066
7184378,0.035873996,0.214111445,0.75001456
7112430,0.114621323,0.288059795,0.597318882
7224419,0.010939156,0.125933345,0.863127499
7176557,0,0.053853977,0.946146023
7185501,0.15133078,0.450720652,0.397948567
7205296,0.117387934,0.294317006,0.58829506
7143873,0.006383482,0.03861213,0.955004389
7227106,0.07043381,0.357062541,0.572503649
7143808,0.168873579,0.575156167,0.255970254
7123007,0.475993591,0.306727458,0.217278951
7120025,0.298744276,0.23492891,0.466326814
7095934,0.052332331,0.288481128,0.65918654
7102526,0.066420808,0.415132448,0.518446744
7149561,0.016385023,0.085226876,0.898388101
7147321,0.134319877,0.317006049,0.548674074
7163675,0.018136914,0.012966713,0.968896373
7203197,0.004833151,0.059055016,0.936111833
7192159,0.069168294,0.129994043,0.800837664
7124635,0.001020558,0.018120476,0.980858966
7138513,0.025308471,0.088528005,0.886163524
7116744,0.123354304,0.374609359,0.502036336
7228168,0.029528854,0.135049561,0.835421584
7156739,0.021442361,0.24208304,0.736474599
7233157,0.217925084,0.474050928,0.308023988
7091879,0.015657628,0.170033164,0.814309208
7145151,0.080455242,0.344674036,0.574870722
7230883,0.000462963,0.026536783,0.973000254
7188256,0.131920911,0.477652768,0.390426322
7203095,0.000448541,0.018591762,0.980959697
7142105,0.190666722,0.337915332,0.471417945
7210546,0.01242628,0.130069053,0.857504667
7134026,0.09673692,0.549905418,0.353357662
7119521,0.007649805,0.22295104,0.769399155
7225812,0.053980781,0.402950165,0.543069054
7231536,0.009083377,0.094219494,0.896697129
7120399,0.053594649,0.212914925,0.733490426
7209940,0.08550225,0.256680442,0.657817308
7125730,0.017162932,0.388497583,0.594339485
7129665,1.88E-05,0.023782654,0.976198514
7156628,0.060480059,0.237600444,0.701919496
7154533,0.000175439,0.025999574,0.973824988
7194011,0.067060282,0.077660009,0.855279708
7159573,0.185573824,0.403044184,0.411381991
7122632,0.008281257,0.044276597,0.947442146
7199902,0.017090335,0.126243521,0.856666143
7204514,0.040954368,0.146728585,0.812317047
7114559,0.009815594,0.046923358,0.943261048
7172574,0.03610012,0.167810076,0.796089805
7190848,0.006378431,0.188387224,0.805234345
7127320,0.192167328,0.626952318,0.180880354
7099989,0.026111095,0.115982661,0.857906244
7193209,0.237991215,0.377474861,0.384533924
7163387,0.546090281,0.26441165,0.18949807
7192322,0.063563293,0.280519397,0.65591731
7181284,0.001892198,0.230430703,0.767677099
7138658,0.01046638,0.106893084,0.882640536
7094836,0.044347116,0.202328563,0.753324321
7228347,0.006448534,0.053817628,0.939733838
7092957,0.071054317,0.413339131,0.515606552
7095106,0.011283588,0.092589516,0.896126896
7118353,0.002024025,0.02994206,0.968033916
7187196,0.000514911,0.037656848,0.961828242
7171952,0.170137848,0.528171651,0.301690501
7109967,0.058004754,0.206397071,0.735598175
7121401,0.216305391,0.43602905,0.347665559
7117926,0.272292245,0.52930867,0.198399085
7149587,0.002526911,0.084851762,0.912621328
7153700,0,0.037046776,0.962953224
7128436,0.075708781,0.420754489,0.50353673
7156683,0.003898471,0.09202021,0.904081319
7183547,3.90E-05,0.007127014,0.99283397
7130682,0.064885745,0.328406285,0.60670797
7191787,0.089328624,0.2329099,0.677761476
7201129,0,0.011289938,0.988710062
7131018,0.046432667,0.143063378,0.810503956
7191519,0.055924994,0.258737746,0.68533726
7129888,0.005026642,0.085654179,0.909319178
7119314,0.316390306,0.254328841,0.429280854
7173398,0.053972697,0.262868249,0.683159053
7100690,0.443472972,0.275932096,0.280594932
7111231,0.143746298,0.237431161,0.618822542
7173783,0.011585247,0.096496872,0.891917881
7185543,0.010971644,0.23810245,0.750925906
7190190,0.0196737,0.263071166,0.717255134
7157963,0.140143157,0.363191528,0.496665315
7158304,0.316390306,0.254328841,0.429280854
7095639,0.043667693,0.305047661,0.651284646
7130993,0.001443086,0.015102843,0.98345407
7117359,0.020347325,0.221915275,0.757737401
7122494,0,0.007202373,0.992797627
7093292,0.097162022,0.588345959,0.314492018
7214909,0.029525619,0.21196253,0.758511851
7178939,0.058023567,0.100240451,0.841735982
7209358,0.00149646,0.001790934,0.996712606
7232607,0.002538099,0.046507081,0.95095482
7207044,0.003948366,0.019505825,0.976545809
7223765,0.038986683,0.182552601,0.778460716
7103387,0.057336001,0.197396692,0.745267307
7149774,0.00868433,0.055984841,0.935330829
7105211,0.003697429,0.032204299,0.964098271
7183544,0.009864643,0.105392406,0.884742951
7233547,0.017466641,0.169690956,0.812842402
7096046,3.71E-05,0.080656309,0.919306596
7174305,0.117962635,0.35833941,0.523697954
7172833,0.037608477,0.299752489,0.662639034
7109230,0.000484882,0.065633595,0.933881524
7180549,0.119192989,0.371940126,0.508866885
7096591,0.016244104,0.272576058,0.711179838
7110015,0.000225397,0.107622316,0.892152287
7114048,0.057174829,0.348372161,0.594453011
7111037,0.221053824,0.46102645,0.317919727
7218940,0.003687978,0.098061605,0.898250418
7151360,0.830514506,0.069559054,0.09992644
7127611,0.071333195,0.242383099,0.686283707
7157286,0.02439424,0.231715968,0.743889792
7155237,0.024366833,0.327532802,0.648100366
7152325,0.811606244,0.086162483,0.102231273
7133809,0.410884633,0.181387225,0.407728142
7151723,0.011428982,0.096871674,0.891699345
7139628,0.042888051,0.216661788,0.740450162
7116008,0.002424372,0.006833836,0.990741792
7139222,0.035644027,0.186820034,0.777535939
7118151,0.06851235,0.119324018,0.812163632
7211749,0.061701908,0.149705333,0.788592759
7216084,0.001847143,0.033713969,0.964438888
7167944,0.121485679,0.331045446,0.547468875
7204462,0.349483701,0.375785678,0.274730621
7170651,0.011110922,0.260016544,0.728872534
7166110,0.035836502,0.249559152,0.714604347
7215024,0.011102169,0.102246709,0.886651122
7092587,0.151545412,0.423087763,0.425366825
7228780,0.084643089,0.279925943,0.635430968
7113165,0.053250456,0.261779646,0.684969898
7185875,0.162012462,0.634902441,0.203085097
7207091,0.070702137,0.218421446,0.710876417
7154391,0.02439424,0.231715968,0.743889792
7134369,0.145248525,0.258603164,0.596148312
7114144,0.000942543,0.043658171,0.955399286
7225788,0.000186078,0.003400564,0.996413358
7174343,0.335326897,0.325976727,0.338696376
7184376,0.099384602,0.343693374,0.556922024
7099086,0.005500505,0.066753814,0.927745681
7206516,0.021078441,0.118213705,0.860707853
7109865,0.001274535,0.10187004,0.896855426
7221603,0.027003735,0.168085796,0.804910469
7102769,0.024325993,0.132507565,0.843166442
7136804,0.047905885,0.152862298,0.799231817
7133432,0.169856557,0.55017105,0.279972393
7211670,0.063017213,0.350875807,0.58610698
7193044,0.160488525,0.421589465,0.41792201
7179722,0,0.007222393,0.992777607
7098040,0.086217595,0.37146178,0.542320624
7228235,0.0334748,0.32328965,0.64323555
7168531,0.014076378,0.129997022,0.8559266
7092471,0.008709098,0.117074312,0.874216591
7151021,0.02240705,0.131907931,0.845685019
7117279,0.048756189,0.17303172,0.778212091
7231987,0.125252434,0.28118787,0.593559695
7152057,0.087910176,0.431877932,0.480211892
7169603,0.006583279,0.121289134,0.872127587
7190178,0.023107469,0.090799286,0.886093245
7098492,0.053218046,0.520717233,0.42606472
7151657,0.063636822,0.22273203,0.713631148
7202087,0.275512999,0.462719274,0.261767727
7172144,0.085333406,0.326738549,0.587928045
7151264,0.662043583,0.219279009,0.118677408
7167649,0.123641862,0.312094701,0.564263437
7125098,0.056602122,0.261863898,0.68153398
7192968,0.143946324,0.382611607,0.473442069
7167064,0.059109708,0.236287982,0.704602311
7208386,0.054521,0.138181201,0.807297799
7140549,0.314329233,0.356943563,0.328727204
7232611,0.107177509,0.258453454,0.634369037
7231989,0.000582457,0.102256278,0.897161265
7131237,0.072432575,0.43621576,0.491351666
7123477,0.020532593,0.270035882,0.709431525
7139138,0.258434862,0.306038345,0.435526793
7100724,3.80E-05,0.017485073,0.982476932
7114596,0.011543807,0.1032921,0.885164093
7143360,0.000125222,0.026168367,0.973706411
7131232,0.102888638,0.452446384,0.444664978
7135694,0.025423938,0.150096173,0.824479889
7156849,0.031606789,0.318920668,0.649472543
7134868,0.082940548,0.536786844,0.380272608
7204699,0.235024058,0.275349319,0.489626623
7159026,0.039614653,0.290276637,0.67010871
7210613,0.050521697,0.16346658,0.786011723
7178322,0.081455108,0.210506217,0.708038675
7092546,0.027766326,0.227985506,0.744248168
7175776,0.003971271,0.125730196,0.870298532
7198568,0.064159096,0.299433526,0.636407378
7205032,6.46E-05,0.025964102,0.97397134
7191829,0.036966507,0.174511188,0.788522305
7090354,1.02E-05,0.004672841,0.995316934
7103754,0.083121504,0.367362614,0.549515882
7210833,0.110218023,0.333958863,0.555823114
7119486,0.034002425,0.318498815,0.64749876
7313611,0.02007189,0.177790049,0.802138061
7192079,0.065024355,0.243829853,0.691145792
7174050,0.0032777,0.085638343,0.911083957
7158408,0.010297553,0.067786891,0.921915555
7162815,0.314089063,0.40003315,0.285877787
7128366,0.496147155,0.166533558,0.337319287
7233175,0.051629213,0.488923259,0.459447528
7095885,0.008033376,0.172216104,0.81975052
7098256,0.003085891,0.097434387,0.899479723
7198026,0.089456089,0.264603925,0.645939986
7179395,0.015919297,0.106600146,0.877480556
7126687,0.011942175,0.098980928,0.889076898
7186570,0.002526637,0.165070529,0.832402835
7174616,0.06483671,0.38440225,0.55076104
7190918,0.054228683,0.215553104,0.730218213
7174630,0.000895139,0.17979323,0.819311631
7099714,0.066170851,0.219931618,0.713897531
7210257,0.012205063,0.100953241,0.886841696
7218237,0.02555104,0.102477105,0.871971855
7194008,0.0537347,0.181231896,0.765033405
7145715,1.90E-05,0.012119666,0.987861287
7161245,0.038494689,0.134200762,0.827304548
7232193,0.143869533,0.266124166,0.590006301
7157880,0.177950069,0.43316299,0.388886941
7234325,0.000200513,0.095688137,0.904111351
7105040,0.050615782,0.519250855,0.430133362
7123444,0.060353909,0.228590104,0.711055987
7098616,0.002226024,0.138961131,0.858812845
7111962,0.031583236,0.168161984,0.80025478
7206817,0.007683802,0.095331011,0.896985187
7140556,0.072479747,0.417291343,0.510228909
7214145,0.001987645,0.077307956,0.920704399
7215333,0.013887597,0.219438099,0.766674304
7130379,0.010705781,0.245844519,0.743449699
7215033,0.005491935,0.065003025,0.929505039
7200611,0.01274625,0.075740492,0.911513257
7159658,0.08506154,0.286163556,0.628774904
7109857,0.000594198,0.059178433,0.940227369
7187765,0.010352071,0.111467705,0.878180224
7197884,0.038788104,0.231327616,0.72988428
7141108,0.210395074,0.306463649,0.483141277
7221313,0.02819053,0.407548975,0.564260494
7160195,0.002002194,0.014444698,0.983553108
7135503,0.000934071,0.06017093,0.938894999
7184754,0.048284634,0.344425774,0.607289592
7181796,0.022727778,0.339821252,0.63745097
7204408,0.064827839,0.402331194,0.532840967
7125047,0.002497475,0.028134563,0.969367962
7170001,0.122901082,0.507599383,0.369499535
7222789,0.051106477,0.231435145,0.717458379
7119555,0.050778221,0.375805662,0.573416117
7103893,0.005170364,0.072511373,0.922318263
7231878,0.017436411,0.22484509,0.757718499
7194073,0.056167287,0.342034216,0.601798497
7156654,0.021509716,0.200318162,0.778172122
7181249,0.003627145,0.020164879,0.976207976
7155816,0.009874819,0.061326114,0.928799067
7140001,0.063954018,0.044789396,0.891256586
7167234,0.102878154,0.287385267,0.609736579
7102496,0.00495348,0.029077958,0.965968563
7232981,0.344405169,0.451850148,0.203744682
7216485,0.002483752,0.095726365,0.901789883
7224065,0.008176684,0.135160164,0.856663151
7172720,0.000452101,0.011898268,0.987649631
7119328,0.143746298,0.237431161,0.618822542
7166323,0.104188671,0.304116172,0.591695157
7095312,0.087273312,0.305084502,0.607642186
7126464,0.04504764,0.553636326,0.401316033
7156313,0.017517753,0.145158202,0.837324044
7142691,0.058631459,0.475271841,0.466096699
7180405,0.004999051,0.118824914,0.876176036
7201309,0.010970165,0.066940558,0.922089277
7229233,0.019636599,0.230573739,0.749789662
7128242,0.032468615,0.258040499,0.709490887
7206764,0.000498906,0.131796669,0.867704425
7125953,0.20523293,0.311806905,0.482960166
7193756,0.039505042,0.256494239,0.704000718
7110807,0.3748932,0.454010054,0.171096746
7123025,0.004076135,0.126527557,0.869396307
7229043,0.058039442,0.174881987,0.767078571
7144529,0.137287614,0.42647525,0.436237135
7089925,0.008537173,0.138395319,0.853067509
7142909,0.000939817,0.032112907,0.966947276
7200320,0.039872774,0.346107823,0.614019403
7216427,0.082014887,0.469588878,0.448396234
7192680,0.028938075,0.145473587,0.825588338
7130341,0.076249239,0.232497711,0.69125305
7214209,0.080982981,0.210440275,0.708576744
7207776,0.1644965,0.427920837,0.407582663
7185816,0.033138948,0.264370221,0.702490831
7172271,0.000396141,0.091973238,0.907630621
7165343,0.003104699,0.121983005,0.874912296
7212934,0.025478396,0.196619445,0.777902159
7152751,0.107099685,0.464952421,0.427947894
7089177,0.082330623,0.342244832,0.575424545
7135107,0.052868763,0.225216672,0.721914565
7092850,0.020058419,0.248422433,0.731519148
7158555,0.232759923,0.359377341,0.407862736
7234183,5.31E-05,0.013557271,0.986389642
7118286,0.053594649,0.212914925,0.733490426
7119152,0.015575119,0.152559814,0.831865066
7223584,0.34137291,0.235267907,0.423359183
7123957,0.030170026,0.042016172,0.927813802
7223702,0.000215389,0.01379125,0.985993361
7108026,0.006213711,0.094426584,0.899359705
7165605,0.653995444,0.162128077,0.183876479
7227039,0.078987578,0.601350321,0.319662101
7157195,0.080824978,0.227309044,0.691865978
7104579,0.021288862,0.206137541,0.772573597
7119805,0.073578385,0.328254547,0.598167068
7142014,0.343484535,0.268741032,0.387774433
7174412,0.013429729,0.410477606,0.576092665
7205037,0.014724583,0.198056529,0.787218888
7096604,0.003563648,0.195415425,0.801020927
7214758,0.070753736,0.134085554,0.79516071
7135785,0.027046641,0.099227899,0.873725461
7210042,0.000930653,0.055529388,0.943539959
7150868,0.239001919,0.337697006,0.423301076
7115004,0.035626593,0.172584658,0.791788749
7208850,0.002077302,0.06488896,0.933033738
7122006,0.305772832,0.345465259,0.348761909
7218334,0.008963921,0.120947945,0.870088134
7164673,0.21246984,0.388921512,0.398608649
7098334,0.051597443,0.195407192,0.752995366
7116799,0.028033632,0.228738636,0.743227732
7158050,0.050048009,0.337101275,0.612850716
7113260,0.130301729,0.550652255,0.319046017
7169293,0.118488228,0.19804864,0.683463132
7219356,0.407150628,0.405284468,0.187564903
7103883,0.004329954,0.114596238,0.881073807
7162849,0.016007251,0.161447102,0.822545648
7220960,0.078682507,0.210814503,0.71050299
7218150,0.006480597,0.199207642,0.794311761
7169062,0.021981072,0.226872406,0.751146522
7132833,0.109040729,0.375345748,0.515613524
7153312,0.123847278,0.440055705,0.436097017
7102582,0.010365361,0.093208629,0.89642601
7128031,0.377685323,0.378704185,0.243610492
7226979,5.51E-06,0.036072932,0.963921559
7174830,0.019572809,0.072395877,0.908031314
7095500,0.416626033,0.339935283,0.243438684
7203788,0.037666137,0.130721242,0.831612621
7195129,0.095141819,0.274246831,0.63061135
7096676,0.002715333,0.090356635,0.906928032
7139189,0.001233088,0.026827252,0.97193966
7156036,0.230358758,0.479204541,0.290436701
7201766,0.44677752,0.204881901,0.348340579
7127461,0.141245329,0.311691632,0.547063039
7176092,0.241002634,0.225649288,0.533348078
7093983,0.075339174,0.255549287,0.669111539
7219250,0.050350215,0.119263496,0.830386289
7216197,0.321887662,0.551613578,0.12649876
7175523,0.092436207,0.269111988,0.638451805
7096041,0.000541126,0.036056757,0.963402117
7106333,0.026729931,0.087902794,0.885367275
7135564,0.072918259,0.142586847,0.784494894
7230191,0.016954301,0.237159885,0.745885814
7094318,0.365024905,0.413986844,0.220988251
7157145,0.011033376,0.245864,0.743102625
7141347,0.008946488,0.057223065,0.933830447
7197253,0.29336695,0.362315961,0.344317089
7151861,0.00175347,0.043638435,0.954608095
7128268,0.116311619,0.455527625,0.428160756
7180937,0.027039129,0.219609371,0.7533515
7097170,0.007160243,0.031660914,0.961178843
7205053,0.013942891,0.135998885,0.850058225
7223074,0.085417683,0.461170725,0.453411592
7127700,0.002476204,0.163684594,0.833839202
7184877,0.003135076,0.068341225,0.928523699
7156129,0.033378012,0.129618085,0.837003903
7233730,0.00169217,0.049390652,0.948917178
7153783,0.221352561,0.166468622,0.612178817
7113299,0.0023952,0.044859071,0.952745729
7098374,0.029174833,0.227098968,0.743726199
7225647,0.000213202,0.022866971,0.976919827
7111117,0.009089759,0.072781261,0.918128979
7138147,0.001457076,0.135668378,0.862874546
7120784,0.058473015,0.329930456,0.611596529
7186670,0.074662472,0.406321654,0.519015874
7145739,0.000227319,0.014234878,0.985537803
7090058,0.031491601,0.375045293,0.593463106
7110436,0.023332418,0.356625214,0.620042367
7232756,0.00143039,0.067528587,0.931041023
7111709,0.052334715,0.35435715,0.593308135
7107311,0.045100658,0.048923187,0.905976155
7210450,0.153234949,0.648343746,0.198421305
7127661,0.025121512,0.12195028,0.852928209
7096383,0.157625221,0.423051678,0.419323101
7137831,0.016558835,0.09246374,0.890977425
7160032,0.05292752,0.39905737,0.548015109
7128113,0.044032728,0.171468604,0.784498668
7197701,0.044778676,0.149330698,0.805890626
7140888,0.00316074,0.087642284,0.909196976
7098130,0.098733548,0.369107149,0.532159303
7158260,0.063600788,0.190005886,0.746393326
7112812,0.156796614,0.346868761,0.496334625
7179231,0.201382648,0.389074933,0.409542419
7123293,0.183733222,0.565923874,0.250342903
7127939,0.03573848,0.37795732,0.5863042
7210843,0.014026909,0.000961412,0.985011678
7119906,0.002496471,0.029261473,0.968242056
7157868,0.003567961,0.104634961,0.891797078
7160993,0.139131818,0.231610024,0.629258158
7198449,0.068609287,0.407788695,0.523602019
7194749,0.124498435,0.288977891,0.586523674
7164909,0.062190553,0.22146366,0.716345787
7155991,0.115402424,0.216064977,0.668532599
7219535,0.005833784,0.038281901,0.955884315
7127883,0.002187107,0.079637184,0.918175709
7192641,0.162280296,0.419350425,0.418369279
7222187,0.142795756,0.341767397,0.515436847
7129565,0.029173187,0.191584726,0.779242087
7143475,0.076236179,0.579058949,0.344704872
7121904,0.227929724,0.329318442,0.442751834
7124968,0.033421216,0.195619842,0.770958942
7103194,0.078968418,0.243384679,0.677646903
7197397,0.005894157,0.098709831,0.895396012
7181741,0.036724449,0.316572133,0.646703418
7139959,0.048148273,0.240428086,0.711423641
7179519,0.477882457,0.317630142,0.204487401
7187941,0.008448401,0.126777549,0.86477405
7142188,0.627486453,0.171197306,0.201316242
7224310,0.031196485,0.224604495,0.744199021
7142856,0.027475383,0.283652445,0.688872172
7090831,0.008997818,0.350815366,0.640186816
7152437,1.90E-05,0.003594293,0.99638666
7130584,0.071719314,0.292235767,0.636044919
7162590,0.00344526,0.055090935,0.941463805
7210173,0.001374037,0.1674953,0.831130663
7173461,0.22297272,0.439025228,0.338002052
7201402,0.066862871,0.358860722,0.574276407
7156675,0.174385738,0.594420875,0.231193387
7105849,0.157800892,0.349336425,0.492862683
7190940,0.045462535,0.182418432,0.772119033
7176492,0.072308181,0.3184116,0.609280219
7109146,0.013335592,0.205168386,0.781496022
7135096,0.04038026,0.282628775,0.676990965
7145341,0.007478586,0.145583572,0.846937843
7170053,0.3748932,0.454010054,0.171096746
7222037,0.214732003,0.307016113,0.478251884
7200576,0.276538573,0.24890209,0.474559336
7219311,0.265167004,0.398471765,0.336361231
7088683,0.007090583,0.083401554,0.909507863
7197130,0.097178232,0.440725439,0.462096329
7198553,0.004442729,0.11657719,0.87898008
7092108,0.274950151,0.275963523,0.449086326
7233635,0.284121133,0.466795875,0.249082992
7162208,0.02505051,0.271327286,0.703622204
7113584,0.223618033,0.341822724,0.434559243
7088920,0.24791746,0.278686065,0.473396475
7212619,0.033285736,0.232853005,0.733861258
7108297,0.001016904,0.098065457,0.900917639
7212382,0.026586012,0.226578252,0.746835736
7228960,0.008304798,0.127290691,0.864404511
7223136,0.000749231,0.03294318,0.966307589
7140835,0.059409409,0.194281887,0.746308704
7161726,0.22781845,0.405316865,0.366864685
7193196,0.004384839,0.118068749,0.877546412
7131021,0.000172764,0.174142277,0.825684959
7136116,0.000186078,0.003400564,0.996413358
7199243,0.029127133,0.221287196,0.749585672
7107410,0.036141327,0.305738384,0.658120289
7111408,0.092758614,0.468253601,0.438987785
7143442,0.032337844,0.24581213,0.721850026
7201307,0.001734266,0.045255591,0.953010144
7163518,0.253020153,0.300942189,0.446037658
7210133,0.017766187,0.231571449,0.750662365
7155655,0.030231668,0.174413283,0.795355049
7140488,0.028527897,0.240848911,0.730623191
7133293,0.020502141,0.062383432,0.917114427
7126808,0.005453018,0.063496177,0.931050804
7227507,0.015184107,0.09297723,0.891838663
7159592,0.001025334,0.084525822,0.914448844
7180725,0.037173257,0.100903902,0.861922841
7150854,0.016888845,0.098954162,0.884156993
7137335,0.078212142,0.08188044,0.839907418
7158425,0.00449124,0.035964805,0.959543955
7213225,0.067060282,0.077660009,0.855279708
7148260,0.000578704,0.045195015,0.954226281
7111858,0.077057297,0.320891417,0.602051286
7171126,0.00568081,0.069273378,0.925045812
7189468,5.29E-05,0.030459044,0.969488029
7192340,0.03578957,0.117032103,0.847178327
7164476,0.162609635,0.402848906,0.434541459
7510953,0.007313735,0.1585273,0.834158966
7233576,0.033140018,0.427439805,0.539420178
7181820,0.009145882,0.132234193,0.858619925
7152810,0.005605205,0.024997856,0.969396939
7201962,0.000171448,0.017879045,0.981949507
7139487,0.148897803,0.524650703,0.326451495
7227862,0.151966971,0.384630743,0.463402286
7207553,0.013694488,0.088915276,0.897390237
7161665,0.006714874,0.057589714,0.935695412
7145839,0.008997818,0.350815366,0.640186816
7111740,0.015557585,0.100227039,0.884215375
7218313,0.01085102,0.228714996,0.760433984
7210476,0.083924824,0.290149896,0.62592528
7215652,0.002242807,0.028543194,0.969213999
7139122,0.011315387,0.190970081,0.797714532
7105843,0.091565422,0.467288949,0.441145628
7202962,0.055830056,0.329229958,0.614939987
7125601,0.005853346,0.018556268,0.975590385
7177976,0.064434803,0.268778551,0.666786646
7160458,0.01080294,0.079861732,0.909335329
7101930,0.049361241,0.42092407,0.529714689
7162776,0.040701523,0.303599405,0.655699072
7201534,0.159933115,0.580138743,0.259928141
7134791,0.154248507,0.374391515,0.471359978
7187911,0.039353893,0.048842322,0.911803785
7179474,0.252061493,0.383605891,0.364332615
7211709,0.214663728,0.489687784,0.295648488
7091376,0.030832725,0.344435289,0.624731986
7220819,0.130169717,0.329511243,0.54031904
7097222,0.063650787,0.199752206,0.736597007
7214485,0.002123559,0.089066278,0.908810163
7191186,0.093762257,0.217061644,0.689176099
7113981,0.050332456,0.1685776,0.781089944
7100790,0,0.060251468,0.939748532
7147743,0.000126836,0.053031066,0.946842098
7092755,0.244997236,0.450480691,0.304522073
7113999,0.045279247,0.225518775,0.729201979
7119360,0.040633745,0.120802747,0.838563507
7088049,0.001753446,0.036968007,0.961278547
7144447,0.229595733,0.630944584,0.139459683
7123686,0,0.00370201,0.99629799
7178148,0.023269607,0.206207947,0.770522446
7100482,0.032567648,0.355394633,0.612037718
7131572,0.305750099,0.312720141,0.38152976
7181965,0.15078138,0.258814922,0.590403698
7110028,0.075475066,0.404340543,0.520184391
7107440,0.048874464,0.537102984,0.414022553
7124764,0.02555104,0.102477105,0.871971855
7152838,6.14E-06,0.034520625,0.965473237
7146250,0.162461577,0.542644026,0.294894397
7198218,0.017125421,0.256191587,0.726682991
7136542,0.124319607,0.480969532,0.394710861
7204694,0.006412495,0.100922058,0.892665447
7230370,0.004933492,0.054359615,0.940706893
7207615,0.063600788,0.190005886,0.746393326
7170804,0.044819236,0.215928989,0.739251775
7100338,0.033916881,0.322786843,0.643296276
7102612,0.076834466,0.190144826,0.733020707
7136327,0.103992917,0.22086207,0.675145013
7226629,0.013398833,0.253871306,0.732729862
7154141,0.023740004,0.163180115,0.813079882
7119278,0.015794284,0.089421591,0.894784125
7172516,0.017254232,0.232731205,0.750014562
7173854,0.038799836,0.127771434,0.83342873
7113913,0.004464359,0.079759524,0.915776117
7214948,0.000939337,0.057481085,0.941579578
7167244,0.06110883,0.347159802,0.591731368
7212552,0.035537553,0.252033211,0.712429236
7169247,0.019097395,0.21992328,0.760979325
7164608,0.184680427,0.110369758,0.704949815
7104037,3.71E-05,0.032688094,0.967274812
7161305,0.05977446,0.249953831,0.690271709
7233719,0.068450173,0.138635211,0.792914616
7197388,0.044955438,0.159527617,0.795516945
7109575,0.579357551,0.221265955,0.199376494
7204398,0.014222736,0.219495081,0.766282183
7218631,0.088461373,0.217583329,0.693955298
7130018,0.118570864,0.146901834,0.734527301
7123544,0.022665987,0.295074562,0.682259451
7159778,0,0.002493111,0.997506889
7212037,0.050644962,0.13784732,0.811507717
7141155,0.001385659,0.031567688,0.967046653
7131753,0.004254827,0.100964756,0.894780417
7172478,0.070974099,0.102653615,0.826372286
7119936,0.015268433,0.208589278,0.776142289
7178319,0.000831712,0.005049768,0.99411852
7210976,0.016062448,0.120399761,0.86353779
7088694,0.093561528,0.820685867,0.085752605
7126674,0.001798363,0.007440497,0.990761141
7225095,0.029398379,0.511310875,0.459290746
7177379,0.069469638,0.358390096,0.572140267
7167344,0.002938566,0.028016567,0.969044867
7092487,0.206864925,0.453436008,0.339699067
7207338,0.025194344,0.155621224,0.819184431
7200580,0.156164712,0.239605676,0.604229612
7101757,0.000620487,0.010216903,0.98916261
7106534,0.153605845,0.326106321,0.520287833
7140877,0.028085091,0.289610865,0.682304044
7088400,0.008768367,0.081103439,0.910128194
7208826,0.203096041,0.433509316,0.363394642
7124298,0.164897966,0.416107514,0.41899452
7197164,0.078188839,0.226349175,0.695461986
7188447,0.008707835,0.20989846,0.781393705
7193170,0.070945493,0.179913103,0.749141405
7232150,0.378898891,0.375022077,0.246079031
7206931,0.008537173,0.138395319,0.853067509
7163701,0.08393837,0.440900715,0.475160914
7230747,0.002759644,0.157031873,0.840208483
7123636,0.002361855,0.01643672,0.981201425
7100167,0.261326573,0.642479894,0.096193533
7095483,0.020758253,0.020582576,0.958659171
7212292,0.032266082,0.158087455,0.809646463
7161423,0.122936624,0.528899404,0.348163973
7094323,0.038016851,0.258657791,0.703325357
7134126,0.074517891,0.147474855,0.778007254
7135730,0,0.005678415,0.994321585
7114056,0.658545598,0.165324524,0.176129878
7162122,0.010964939,0.060278312,0.92875675
7226116,0.022057154,0.192761459,0.785181387
7225528,0.001882483,0.011057077,0.987060439
7198381,0.02218594,0.092706466,0.885107594
7165862,0.005729892,0.104906234,0.889363874
7226721,0.061701908,0.149705333,0.788592759
7119665,0.017427938,0.134263667,0.848308395
7092959,0.178755231,0.429077027,0.392167742
7233370,0.021780347,0.157233115,0.820986538
7198643,0.269208073,0.501464002,0.229327925
7151311,0.032548621,0.206327212,0.761124167
7228932,0.075950632,0.530418051,0.393631317
7133618,0.097709124,0.296005791,0.606285085
7155042,0.000648567,0.008785676,0.990565756
7202228,0.116411468,0.411656424,0.471932108
7138573,1.67E-05,0.012719861,0.987263444
7108430,0.022454361,0.190507649,0.78703799
7231314,0.012682109,0.05743382,0.929884071
7124228,0.128162462,0.442037146,0.429800391
7174511,0.048865031,0.144207311,0.806927659
7185449,0.000474813,0.03237435,0.967150837
7213650,0.009465007,0.106235941,0.884299052
7133941,0.032283376,0.13586402,0.831852604
7187366,0.000474584,0.021743011,0.977782406
7224166,0.073973983,0.226796717,0.6992293
7169973,0.022836782,0.158361861,0.818801357
7210489,0.090688616,0.474448334,0.43486305
7161088,0.335326897,0.325976727,0.338696376
7153934,0.020761002,0.426308606,0.552930392
7131257,0.004254827,0.100964756,0.894780417
7194859,0.051931612,0.35121587,0.596852518
7113061,0.164485323,0.436080622,0.399434055
7204259,0.000403528,0.013358456,0.986238016
7222883,0.032823543,0.159642248,0.807534209
7102127,0.081421684,0.254321309,0.664257007
7101779,0.004771259,0.034943404,0.960285337
7204401,0.061691726,0.143998211,0.794310063
7102696,0.000416501,0.082509037,0.917074463
7167132,0.005512378,0.124831486,0.869656136
7153925,0.247065578,0.477292129,0.275642293
7109556,0.032472387,0.150262139,0.817265474
7140782,0.026044235,0.212795237,0.761160528
7150633,0.100350605,0.299079622,0.600569773
7130332,0.143746298,0.237431161,0.618822542
7090117,0.047317685,0.11805592,0.834626395
7159969,0.023608186,0.117963696,0.858428119
7159980,0.002279719,0.039881228,0.957839053
7094322,0.246705348,0.472714391,0.280580261
7169785,0.194332699,0.456002528,0.349664774
7137077,0.008245434,0.100672728,0.891081838
7166021,0.001572819,0.044212927,0.954214254
7090007,0.022381847,0.136961279,0.840656874
7174035,0.057583235,0.104830544,0.837586221
7222684,0.03364457,0.172637097,0.793718333
7145358,0.009252157,0.298340552,0.692407291
7198874,0.057096424,0.333553201,0.609350375
7227001,0.058217875,0.290490604,0.651291521
7213525,0.081601054,0.218853511,0.699545436
7222801,4.13E-05,0.029555838,0.970402886
7223947,0.135596487,0.43168277,0.432720743
7217717,0.129084089,0.113706732,0.757209179
7131037,0.000550411,0.022527787,0.976921802
7212360,0.567383646,0.168995304,0.263621049
7116094,0.133386715,0.312147783,0.554465501
7117057,0.031957642,0.124206809,0.843835549
7110218,0.214703255,0.453848601,0.331448143
7224295,0.059214268,0.346314355,0.594471378
7156844,0.122338076,0.528413767,0.349248157
7132335,0.161084611,0.589326931,0.249588459
7177151,0.348918363,0.443644016,0.207437621
7145144,0.045769498,0.210583783,0.743646719
7088527,0.000813459,0.052622882,0.946563659
7591938,0.071571722,0.166842284,0.761585993
7164189,0.011272275,0.088712748,0.900014977
7181386,0.075779284,0.312803482,0.611417234
7154896,0.040225675,0.111323251,0.848451074
7171775,0.003614931,0.035593305,0.960791764
7223791,0.010426196,0.13230615,0.857267654
7114825,0.000253212,0.010828739,0.988918049
7186411,0.037697206,0.32679123,0.635511565
7178692,0.0151903,0.135462984,0.849346715
7092405,0.165562482,0.534992424,0.299445094
7154186,0.000187722,0.029874706,0.969937572
7089860,0.050950594,0.240475565,0.708573841
7093311,0.019586929,0.134463859,0.845949212
7095391,0.048735318,0.176038134,0.775226548
7117897,0.022140819,0.258537999,0.719321183
7109138,0.011890129,0.121821861,0.86628801
7099040,0.022688308,0.214011419,0.763300273
7093041,0.004324493,0.016491599,0.979183908
7094767,0.021063884,0.131613686,0.84732243
7111403,0.06729119,0.454485549,0.478223261
7136662,0.00765599,0.068776008,0.923568002
7172760,0.024426776,0.166722256,0.808850967
7093925,0.165734104,0.285638838,0.548627058
7151085,0.006952909,0.204239137,0.788807954
7229152,0.0206169,0.081378324,0.898004776
7177630,0.058402424,0.377546455,0.564051121
7112601,0.019215028,0.356774765,0.624010207
7091858,0.139985082,0.419149398,0.440865521
7145790,0.189677654,0.321576444,0.488745902
7121469,0.224062007,0.369589289,0.406348704
7131218,0.001379828,0.047601501,0.951018671
7089818,0.032511182,0.187241065,0.780247753
7218493,0.142343469,0.394523969,0.463132562
7102516,0.049636528,0.163410112,0.78695336
7128832,0.006429705,0.049233428,0.944336867
7141416,0.01123644,0.084869972,0.903893588
7119172,0.041567836,0.17528169,0.783150475
7104404,0.101038937,0.341415267,0.557545795
7155370,0.010419647,0.186786963,0.802793391
7099106,0.026257221,0.319004416,0.654738363
7207897,0.000500043,0.033523535,0.965976422
7181407,0.172921057,0.401808633,0.42527031
7230033,0.200751048,0.225522063,0.573726889
7089127,0.181496366,0.44140094,0.377102694
7209677,0.000953136,0.071821478,0.927225386
7140941,0.058889421,0.556769707,0.384340872
7104655,0.015267633,0.065328775,0.919403592
7229311,0.260981538,0.337561195,0.401457267
7150462,0.034126801,0.270627709,0.695245489
7193420,0.176951823,0.384723608,0.438324569
7224661,0.043509625,0.264126133,0.692364242
7105052,0.034023838,0.204718025,0.761258136
7211261,0.272092888,0.303840026,0.424067086
7209769,0.10743874,0.43851238,0.45404888
7167803,0.000900648,0.120259092,0.87884026
7095923,0.050677358,0.238394378,0.710928264
7187442,0.099760949,0.142323639,0.757915412
7108785,0.011361831,0.060725083,0.927913085
7179725,0.053618774,0.142757636,0.80362359
7210753,0.047044389,0.316431142,0.636524469
7211593,0.115251385,0.289252312,0.595496304
7186078,0.021533392,0.103162397,0.875304211
7090925,0.27236734,0.430831703,0.296800958
7134002,0.158118967,0.302173762,0.539707271
7164549,0.015700304,0.313761443,0.670538253
7215742,0.006562017,0.0720801,0.921357883
7108240,0.023692288,0.150554007,0.825753705
7197086,0.24874345,0.672905219,0.078351331
7205678,0.003422783,0.007613116,0.988964101
7122785,0.000691388,0.010611033,0.988697578
7114064,0.002234637,0.074230539,0.923534824
7224343,0.015385918,0.071815552,0.912798531
7194178,0.017454428,0.361154506,0.621391066
7095589,0.070078622,0.173430348,0.75649103
7197800,0.01365357,0.074374545,0.911971885
7088799,0.018995647,0.139442604,0.841561749
7194121,0.023621544,0.231214513,0.745163943
7196590,0.206775859,0.333354018,0.459870123
7223833,0.249328961,0.536425158,0.214245881
7110915,0.014709786,0.49679801,0.488492204
7224056,0.037173257,0.100903902,0.861922841
7197047,0.126331317,0.408212573,0.46545611
7090158,0.081014792,0.668919226,0.250065982
7123473,0.152128015,0.359816011,0.488055974
7193586,0.099959416,0.10856304,0.791477544
7196693,4.30E-05,0.001823493,0.998133518
7199564,0.000671563,0.125349334,0.873979103
7093574,0.001992847,0.088728653,0.9092785
7092343,0.029072825,0.291381008,0.679546167
7217049,0.10904411,0.350515835,0.540440055
7111219,0.102787925,0.307027879,0.590184197
7133704,0.099859659,0.425766948,0.474373393
7182001,0.003708526,0.017850448,0.978441026
7180442,0.12527828,0.187721577,0.687000143
7111017,0.056590206,0.310772775,0.632637019
7220878,0.070594856,0.358193127,0.571212017
7095205,0.166096263,0.283218561,0.550685176
7216517,0.000222222,0.007993597,0.991784181
7159288,0.208330619,0.41197748,0.379691902
7119246,0.304532831,0.405290253,0.290176916
7158215,0.040194648,0.141760569,0.818044783
